1074
root
-1
0.000000 0.945494 0.009869 -0.707107 0 0 0.707107
spinea
0
0.000000 0.945494 0.009869 -0.707107 0 0 0.707107
spineb
1
0.000000 1.042753 0.012221 -0.707107 0 0 0.707107
spinec
2
0.000000 1.142435 0.006238 -0.707107 0 0 0.707107
spined
3
0.000000 1.258627 0.001995 -0.707107 0 0 0.707107
neck
4
0.000000 1.401697 0.004499 -0.707107 0 0 0.707107
heada
5
0.000000 1.453382 0.019010 -0.707107 0 0 0.707107
headb
6
0.000000 1.510932 0.032869 -0.707107 0 0 0.707107
l_eyeball
7
0.030932 1.555907 0.105187 0 0 0 1
r_eyeball
7
-0.030584 1.555999 0.105179 0 0 0 1
hair_strand
7
0.000000 1.510932 0.032869 -0.699464 0.041049 0.106936 0.705428
hair_strand_a
10
0.031992 1.641412 0.099700 0.572908 -0.050503 0.476898 0.664676
hair_strand_b
11
0.046666 1.616620 0.110062 0.746035 -0.036592 0.24517 0.618049
hair_strand_c
12
0.055130 1.591801 0.107004 0.777321 -0.059914 0.172893 0.601906
hair_strand_d
13
0.060795 1.564246 0.100792 0.774788 -0.069763 0.111892 0.618318
hair_strand_e
14
0.062893 1.540796 0.095727 0.726812 -0.122304 0.117776 0.665519
hair_strand_f
15
0.063118 1.514197 0.093419 0.66245 -0.121995 0.125707 0.728337
hair_strand_g
16
0.062847 1.490067 0.095663 0.577633 -0.117558 0.101287 0.801412
hair_strand_h
17
0.061093 1.466736 0.103157 0.596035 -0.199975 -0.026433 0.777209
hair_strand_end
18
0.052838 1.444652 0.108208 0.596035 -0.199975 -0.026433 0.777209
festival_hair_offset_1
7
0.083194 1.569244 0.021055 -0.707107 0 0 0.707107
festival_hair_offset_2
7
0.074802 1.541752 0.002786 -0.707107 0 0 0.707107
c_patrol_hair_01
7
0.000000 1.684986 0.033841 0 0 0 1
c_patrol_hair_02
7
0.000000 1.584999 -0.079983 0 0 0 1
c_patrol_hair_03
7
0.000000 1.470417 -0.068169 0 0 0 1
l_patrol_hair_01
7
0.073799 1.631905 0.033841 0 0 0 1
r_patrol_hair_01
7
-0.073799 1.631905 0.033841 0 0 0 1
l_patrol_hair_02
7
0.087075 1.582283 0.020436 0 0 0 1
r_patrol_hair_02
7
-0.087075 1.582283 0.020436 0 0 0 1
l_patrol_hair_03
7
0.064342 1.522591 -0.024482 0 0 0 1
r_patrol_hair_03
7
-0.064342 1.522591 -0.024482 0 0 0 1
l_clavicle
4
0.018427 1.336865 0.018023 0 0.707107 0 0.707107
r_clavicle
4
-0.018427 1.336865 0.018023 0.707107 0 0.707107 0
l_shoulder
31
0.148782 1.331809 -0.002904 0.330853 0.643757 -0.321351 0.610612
r_shoulder
32
-0.148782 1.331809 -0.002904 0.610612 0.321351 0.643757 -0.330853
l_elbow
33
0.306375 1.107098 -0.016031 0.231686 0.454765 -0.398813 0.761879
r_elbow
34
-0.306375 1.107098 -0.016031 0.761879 0.398813 0.454765 -0.231686
l_wrist
35
0.434502 0.926623 0.104751 0.249013 0.438287 -0.408034 0.761187
r_wrist
36
-0.434502 0.926623 0.104751 0.761187 0.408034 0.438287 -0.249013
l_hand_prop
37
0.434049 0.870884 0.131834 0.547176 0.056457 0.271875 0.789617
r_hand_prop
38
-0.434049 0.870885 0.131834 0.560441 -0.060202 -0.267254 0.781573
l_hand_prop_attachment
39
0.434049 0.870884 0.131834 0.547176 0.056457 0.271875 0.789617
r_hand_prop_attachment
40
-0.434049 0.870885 0.131834 0.560441 -0.060202 -0.267254 0.781573
l_palm
35
0.434502 0.926623 0.104751 0.249013 0.438287 -0.408034 0.761187
r_palm
36
-0.434502 0.926623 0.104751 0.761187 0.408034 0.438287 -0.249013
suture_grp
33
0.148782 1.331809 -0.002904 0.330853 0.643757 -0.321351 0.610612
up_suture_1
45
0.264909 1.199478 0.011526 0.171728 0.456282 0.746013 0.453631
up_suture_2
45
0.262157 1.199122 0.015136 0.164294 0.434932 0.758061 0.457369
up_suture_3
45
0.259106 1.198228 0.019171 0.179575 0.397549 0.796096 0.41945
lo_suture_1
45
0.269057 1.194048 0.012119 -0.19356 0.450878 0.222415 0.842481
lo_suture_2
45
0.266468 1.193392 0.015766 -0.187535 0.419135 0.214703 0.862009
lo_suture_3
45
0.263775 1.192673 0.019200 -0.17998 0.39098 0.225172 0.874094
spine_prop
4
0.000000 1.231486 -0.136198 0.450195 -0.514203 0.41368 0.601489
spine_prop_attachment
52
0.000000 1.231486 -0.136198 0.450195 -0.514203 0.41368 0.601489
spine_2_prop
4
0.000000 1.231486 -0.136198 0.450195 -0.514203 0.41368 0.601489
baby_carrier_front_01_01
54
-0.063808 1.326980 0.190685 -0.000001 0 0.000001 1
baby_carrier_front_01_02
54
-0.099987 1.239479 0.210826 0 0 0 1
baby_carrier_front_01_03
54
-0.123857 1.156938 0.222297 0 0 0 1
baby_carrier_front_01_04
54
-0.120559 1.075161 0.173182 0 0 0 1
baby_carrier_front_02_01
54
0.010196 1.330490 0.229565 0 0 0 1
baby_carrier_front_02_02
54
-0.009068 1.230918 0.267314 0 0 0 1
baby_carrier_front_02_03
54
-0.030002 1.124827 0.278068 0 0 0 1
baby_carrier_front_02_04
54
-0.031314 1.034146 0.189879 0 0 0 1
baby_carrier_front_03_01
54
0.099442 1.304974 0.199997 0 0 0 1
baby_carrier_front_03_03
54
0.073627 1.117493 0.228819 0 0 0 1
baby_carrier_front_04_01
54
0.154343 1.262392 0.137721 0 0 0 1
baby_carrier_front_04_03
54
0.131455 1.110073 0.138711 0 0 0 1
pelvis
0
0.000000 0.945494 0.009869 -0.707107 0 0 0.707107
r_upper_leg
67
-0.089122 0.894076 0.027087 0.014881 0.709558 0.704331 0.015003
l_upper_leg
67
0.089122 0.894076 0.027087 0.015003 -0.704331 0.709558 -0.014881
r_knee
68
-0.106572 0.481487 0.030138 0.014069 0.671403 0.740791 0.015768
l_knee
69
0.106572 0.481487 0.030138 -0.015768 0.740791 -0.671403 0.014069
r_ankle
70
-0.123538 0.079999 -0.009450 0 0.707107 0.707107 0
l_ankle
71
0.123538 0.079999 -0.009450 0 0.707107 -0.707107 0
r_ball
72
-0.135009 0.020348 0.109852 0 0.999383 -0.000002 0.03513
l_ball
73
0.135009 0.020348 0.109852 0.03513 0.000002 0.999383 0
r_toe
74
-0.140326 0.001994 0.182678 0 0.999383 -0.000002 0.03513
l_toe
75
0.140325 0.001994 0.182679 0.03513 0.000002 0.999383 0
r_ball_attach
74
-0.135009 0.020348 0.109852 0 0.999383 -0.000002 0.03513
l_ball_attach
75
0.135009 0.020348 0.109852 0.03513 0.000002 0.999383 0
r_heel
72
-0.120232 0.000000 -0.053928 0.01873 0.996438 -0.074938 0.033825
l_heel
73
0.120232 0.000000 -0.053928 0.033825 0.074938 0.996438 -0.01873
mover_offset_jnts
0
0.000000 0.945494 0.009869 -0.707107 0 0 0.707107
gun_holster_jnt
82
0.000000 0.945494 0.009869 -0.707107 0 0 0.707107
knife_holster_jnt
82
0.000000 0.945494 0.009869 -0.707107 0 0 0.707107
hair_collider_offset
82
0.000000 0.945494 0.009869 -0.707107 0 0 0.707107
shirt_collider_offset
82
0.000000 0.945494 0.009869 -0.707107 0 0 0.707107
l_twist_02_mover_offset
82
0.000000 0.945494 0.009869 0.330853 0.643757 -0.321351 0.610612
r_twist_02_mover_offset
82
0.000000 0.945494 0.009869 0.610612 0.321351 0.643757 -0.330853
l_twist_03_mover_offset
82
0.000000 0.945494 0.009869 0.330853 0.643757 -0.321351 0.610612
r_twist_03_mover_offset
82
0.000000 0.945494 0.009869 0.610612 0.321351 0.643757 -0.330853
l_twist_04_mover_offset
82
0.000000 0.945494 0.009869 0.231686 0.454765 -0.398813 0.761879
r_twist_04_mover_offset
82
0.000000 0.945494 0.009869 0.610612 0.321351 0.643757 -0.330853
l_twist_05_mover_offset
82
0.000000 0.945494 0.009869 0.231686 0.454765 -0.398813 0.761879
r_twist_05_mover_offset
82
0.000000 0.945494 0.009869 0.761879 0.398813 0.454765 -0.231686
l_twist_06_mover_offset
82
0.000000 0.945494 0.009869 0.231686 0.454765 -0.398813 0.761879
r_twist_06_mover_offset
82
0.000000 0.945494 0.009869 0.761879 0.398813 0.454765 -0.231686
l_twist_07_mover_offset
82
0.000000 0.945494 0.009869 0.231686 0.454765 -0.398813 0.761879
r_twist_07_mover_offset
82
0.000000 0.945494 0.009869 0.761879 0.398813 0.454765 -0.231686
r_twist_08_mover_offset
82
0.000000 0.945494 0.009869 -0.707107 0 0 0.707107
l_twist_08_mover_offset
82
0.000000 0.945494 0.009869 -0.707107 0 0 0.707107
l_twist_01_mover_offset
82
0.000000 0.945494 0.009869 -0.707107 0 0 0.707107
r_twist_01_mover_offset
82
0.000000 0.945494 0.009869 -0.707107 0 0 0.707107
backpack_l_pocket_01_mover_offset
82
0.000000 0.945494 0.009869 -0.707107 0 0 0.707107
backpack_r_pocket_01_mover_offset
82
0.000000 0.945494 0.009869 -0.707107 0 0 0.707107
backpack_l_pocket_02_mover_offset
82
0.000000 0.945494 0.009869 -0.707107 0 0 0.707107
backpack_r_pocket_02_mover_offset
82
0.000000 0.945494 0.009869 -0.707107 0 0 0.707107
l_jacket_01_mover_offset
82
0.000000 0.945494 0.009869 0 0 0 1
r_jacket_01_mover_offset
82
0.000000 0.945494 0.009869 0 0 0 1
l_jacket_02_mover_offset
82
0.000000 0.945494 0.009869 0 0 0 1
r_jacket_02_mover_offset
82
0.000000 0.945494 0.009869 0 0 0 1
l_jacket_03_mover_offset
82
0.000000 0.945494 0.009869 0 0 0 1
r_jacket_03_mover_offset
82
0.000000 0.945494 0.009869 0 0 0 1
l_jacket_04_mover_offset
82
0.000000 0.945494 0.009869 0 0 0 1
r_jacket_04_mover_offset
82
0.000000 0.945494 0.009869 0 0 0 1
l_twist_09_mover_offset
82
0.000000 0.945494 0.009869 -0.707107 0 0 0.707107
r_twist_09_mover_offset
82
0.000000 0.945494 0.009869 -0.707107 0 0 0.707107
l_twist_10_mover_offset
82
0.000000 0.945494 0.009869 -0.707107 0 0 0.707107
r_twist_10_mover_offset
82
0.000000 0.945494 0.009869 -0.707107 0 0 0.707107
l_twist_11_mover_offset
82
0.000000 0.945494 0.009869 -0.707107 0 0 0.707107
r_twist_11_mover_offset
82
0.000000 0.945494 0.009869 -0.707107 0 0 0.707107
l_twist_12_mover_offset
82
0.000000 0.945494 0.009869 -0.707107 0 0 0.707107
r_twist_12_mover_offset
82
0.000000 0.945494 0.009869 -0.707107 0 0 0.707107
l_twist_13_mover_offset
82
0.000000 0.945494 0.009869 -0.707107 0 0 0.707107
r_twist_13_mover_offset
82
0.000000 0.945494 0.009869 -0.707107 0 0 0.707107
l_twist_14_mover_offset
82
0.000000 0.945494 0.009869 -0.707107 0 0 0.707107
r_twist_14_mover_offset
82
0.000000 0.945494 0.009869 -0.707107 0 0 0.707107
l_twist_15_mover_offset
82
0.000000 0.945494 0.009869 -0.707107 0 0 0.707107
r_twist_15_mover_offset
82
0.000000 0.945494 0.009869 -0.707107 0 0 0.707107
flashlight_attach_offset
82
0.000000 0.945494 0.009869 -0.17748 0 0 0.984125
backpack_r_up_01_mover_offset
82
0.000000 0.945494 0.009869 -0.707107 0 0 0.707107
backpack_r_up_02_mover_offset
82
0.000000 0.945494 0.009869 -0.707107 0 0 0.707107
backpack_r_up_03_mover_offset
82
0.000000 0.945494 0.009869 -0.707107 0 0 0.707107
backpack_r_up_04_mover_offset
82
0.000000 0.945494 0.009869 -0.707107 0 0 0.707107
backpack_r_dn_01_mover_offset
82
0.000000 0.945494 0.009869 -0.707107 0 0 0.707107
backpack_r_dn_02_mover_offset
82
0.000000 0.945494 0.009869 -0.707107 0 0 0.707107
backpack_r_dn_03_mover_offset
82
0.000000 0.945494 0.009869 -0.707107 0 0 0.707107
backpack_r_dn_04_mover_offset
82
0.000000 0.945494 0.009869 -0.707107 0 0 0.707107
slot1_attach_offset
82
0.000000 0.945494 0.009869 -0.059531 -0.666787 0.739911 -0.06621
slot2_attach_offset
82
0.000000 0.945494 0.009869 -0.046654 -0.597442 0.800039 -0.028716
backpack_squash_01_mover_offset
82
0.000000 0.945494 0.009869 -0.707107 0 0 0.707107
backpack_body_mover_offset
82
0.000000 0.945494 0.009869 0.999927 0 0 -0.01205
backpack_l_squash_01_mover_offset
82
0.000000 0.945494 0.009869 0.999927 0 0 -0.01205
root_helper
-1
0.000000 0.945494 0.009869 -0.707107 0 0 0.707107
pelvis_helper
143
0.000000 0.945494 0.009869 -0.707107 0 0 0.707107
l_upper_leg_helper
144
0.089122 0.894076 0.027087 0.015003 -0.704331 0.709558 -0.014881
l_twist_09
145
0.089471 0.885824 0.027148 0.015003 -0.704331 0.709558 -0.014881
l_twist_10
145
0.093485 0.790929 0.027850 0.015003 -0.704331 0.709558 -0.014881
l_twist_11
145
0.097847 0.687781 0.028612 0.015003 -0.704331 0.709558 -0.014881
r_upper_leg_helper
144
-0.089122 0.894076 0.027087 0.014881 0.709558 0.704331 0.015003
r_twist_09
149
-0.089471 0.885824 0.027148 0.014881 0.709558 0.704331 0.015003
r_twist_10
149
-0.093485 0.790929 0.027850 0.014881 0.709558 0.704331 0.015003
r_twist_11
149
-0.097847 0.687781 0.028612 0.014881 0.709558 0.704331 0.015003
l_roll_04
144
0.088231 0.894590 0.026915 0.015003 -0.704331 0.709558 -0.014881
l_roll_04_base
144
0.088231 0.894590 0.026915 0.015003 -0.704331 0.709558 -0.014881
r_roll_04
144
-0.088231 0.894590 0.026915 0.014881 0.709558 0.704331 0.015003
r_roll_04_base
144
-0.088231 0.894590 0.026915 0.014881 0.709558 0.704331 0.015003
r_pelvis_holster
144
-0.072649 0.944626 -0.069317 -0.707107 0 0 0.707107
r_pelvis_holster_up
144
-0.072649 0.944626 -0.088130 -0.707107 0 0 0.707107
r_pelvis_holster_aim
144
-0.072649 0.924155 -0.069317 -0.707107 0 0 0.707107
r_switchblade
144
-0.097964 0.865372 -0.082463 -0.707107 0 0 0.707107
r_switchblade_up
144
-0.097964 0.865372 -0.091921 -0.707107 0 0 0.707107
r_switchblade_aim
144
-0.097964 0.851941 -0.082463 -0.707107 0 0 0.707107
spine_wrinkle_helper
144
0.000000 0.945494 0.009869 -0.707107 0 0 0.707107
r_leg_holster
144
-0.185195 0.763062 0.035064 0.702016 -0.046087 0.079482 0.70621
r_leg_holster_aim
144
-0.182986 0.715626 0.035544 0 0 0 1
r_leg_holster_up
144
-0.189409 0.763102 0.058500 0 0 0 1
l_upper_leg_helperBend
144
0.089122 0.894076 0.027087 0.015003 -0.704331 0.709558 -0.014881
l_upper_leg_helperTwist
167
0.097847 0.687781 0.028612 0.015003 -0.704331 0.709558 -0.014881
r_upper_leg_helperBend
144
-0.089122 0.894076 0.027087 0.014881 0.709558 0.704331 0.015003
r_upper_leg_helperTwist
169
-0.097847 0.687781 0.028612 0.014881 0.709558 0.704331 0.015003
spinea_helper
143
0.000000 0.945494 0.009869 -0.707107 0 0 0.707107
spineb_helper
171
0.000000 1.042753 0.012221 -0.707107 0 0 0.707107
spinec_helper
172
0.000000 1.142435 0.006238 -0.707107 0 0 0.707107
spined_helper
173
0.000000 1.258627 0.001995 -0.707107 0 0 0.707107
neck_helper
174
0.000000 1.401697 0.004499 -0.707107 0 0 0.707107
heada_helper
175
0.000000 1.453382 0.019010 -0.707107 0 0 0.707107
headb_helper
176
0.000000 1.510932 0.032869 -0.707107 0 0 0.707107
noTwist_3
175
0.000000 1.401697 0.004499 -0.707107 0 0 0.707107
m_twist_05
178
0.000000 1.401697 0.004499 -0.604029 0 0 0.796963
constrained_3
178
0.000000 1.453382 0.019010 -0.707107 0 0 0.707107
noTwist_4
180
0.000000 1.453382 0.019010 -0.707107 0 0 0.707107
constrained_4
181
0.000000 1.510932 0.032869 -0.707107 0 0 0.707107
l_clavicle_helper
174
0.018427 1.336865 0.018023 0 0.707107 0 0.707107
l_shoulder_helper
183
0.148782 1.331809 -0.002904 0.330853 0.643757 -0.321351 0.610612
l_twist_01
184
0.151930 1.327320 -0.003166 0.330853 0.643757 -0.321351 0.610612
l_twist_01_offset
185
0.151930 1.327320 -0.003166 0.330853 0.643757 -0.321351 0.610612
l_shoulder_front_helper
186
0.161782 1.316280 0.074111 -0.425781 0.895872 0.029832 -0.123423
l_shoulder_rear_helper
186
0.160043 1.303817 -0.089108 0.130862 0.991103 -0.00063 -0.024301
l_deltoid_helper
186
0.205774 1.352742 -0.020138 0.155419 0.980271 0.060548 0.106055
l_twist_00
183
0.083605 1.334337 0.007560 0.012415 0.76095 -0.014567 0.648529
l_trap_helper
183
0.121970 1.422965 -0.017629 0.03037 0.44222 -0.079356 0.892873
l_scapula_helper
183
0.120378 1.365925 -0.051871 0.408819 0.801153 -0.367416 0.236697
l_lat_helper
183
0.145702 1.205112 0.000240 -0.011136 0.968813 -0.025346 -0.246242
flashlight_attach_aim
183
-0.128427 1.351188 0.073027 -0.17748 0 0 0.984125
flashlight_attach_up
183
-0.109272 1.324338 0.083037 -0.17748 0 0 0.984125
flashlight_attach_space
183
-0.128427 1.324338 0.083037 -0.17748 0 0 0.984125
flashlight_attach
196
-0.128427 1.324338 0.083037 -0.17748 0 0 0.984125
r_clavicle_helper
174
-0.018427 1.336865 0.018023 0.707107 0 0.707107 0
r_shoulder_helper
198
-0.148782 1.331809 -0.002904 0.610612 0.321351 0.643757 -0.330853
r_twist_01
199
-0.151934 1.327315 -0.003167 0.610612 0.321351 0.643757 -0.330853
r_twist_01_offset
200
-0.151934 1.327315 -0.003167 0.610612 0.321351 0.643757 -0.330853
r_shoulder_front_helper
201
-0.161786 1.316268 0.074111 -0.123422 -0.029832 0.895873 0.425781
r_shoulder_rear_helper
201
-0.160047 1.303805 -0.089109 -0.0243 0.00063 0.991103 -0.130861
r_deltoid_helper
201
-0.205778 1.352730 -0.020138 0.106056 -0.060547 0.980271 -0.155419
r_twist_00
198
-0.083605 1.334337 0.007560 0.648529 0.014567 0.760949 -0.012415
r_trap_helper
198
-0.121971 1.422965 -0.017629 0.03037 0.44222 -0.079355 0.892873
r_scapula_helper
198
-0.120378 1.365926 -0.051871 0.408819 0.801153 -0.367416 0.236697
r_lat_helper
198
-0.145702 1.205112 0.000240 -0.011136 0.968813 -0.025346 -0.246241
l_chest_helper
174
0.100383 1.286511 0.105192 0.180684 0.757782 0.071154 0.622942
r_chest_helper
174
-0.100383 1.286511 0.105192 0.622942 -0.071154 0.757782 -0.180684
l_trap_fix_helper
174
0.058935 1.423494 0.001995 0 0.707107 0 0.707107
r_trap_fix_helper
174
-0.058935 1.423494 0.001995 0.707107 0 0.707107 0
machete_holster
174
-0.155088 1.060043 -0.155612 -0.707107 0 0 0.707107
machete_holster_up
174
-0.155088 1.060043 -0.164873 -0.707107 0 0 0.707107
machete_holster_aim
174
-0.155088 1.051413 -0.155612 -0.707107 0 0 0.707107
slot_1_helper
174
0.160248 1.188825 -0.107503 -0.059729 -0.656757 0.74863 -0.068237
slot_1_space
216
0.160248 1.188825 -0.107503 -0.059729 -0.656757 0.74863 -0.068237
slot_1_aim
174
0.160252 1.171906 -0.105281 -0.059531 -0.666787 0.739911 -0.06621
slot_1_up
174
0.163264 1.187083 -0.123835 -0.059531 -0.666787 0.739911 -0.06621
slot_2_helper
174
0.203855 1.151540 -0.142023 -0.046654 -0.599656 0.798391 -0.028423
slot_2_space
220
0.203855 1.151540 -0.142023 -0.046654 -0.599656 0.798391 -0.028423
slot_2_up
174
0.205584 1.146706 -0.158320 -0.046654 -0.597442 0.800039 -0.028716
slot_2_aim
174
0.203219 1.136433 -0.137673 -0.046654 -0.597442 0.800039 -0.028716
l_shoulder_arrow_attach_space
174
0.168631 1.352524 0.035843 0.045271 0.948973 -0.267588 -0.160615
l_shoulder_arrow_attach
224
0.168631 1.352524 0.035843 0.045271 0.948973 -0.267588 -0.160615
l_shoulder_arrow_attach_aim
174
0.180870 1.350296 0.032206 0 0 0 1
l_shoulder_arrow_attach_up
174
0.174463 1.368927 0.023410 0 0 0 1
r_shoulder_arrow_attach_space
174
-0.150413 1.356796 0.040416 -0.058748 0.953454 -0.294709 -0.024913
r_shoulder_arrow_attach
228
-0.150413 1.356796 0.040416 -0.058748 0.953454 -0.294709 -0.024913
r_shoulder_arrow_attach_aim
174
-0.167515 1.355118 0.041832 0 0 0 1
r_shoulder_arrow_attach_up
174
-0.154821 1.371964 0.030100 0 0 0 1
m_roll_02
173
0.000000 1.258627 0.001995 -0.707107 0 0 0.707107
backpack_fatconst_space
173
0.000000 1.151090 -0.100538 0.999927 0 0 -0.01205
backpack_fatconst
233
0.000000 1.151331 -0.110535 0.999927 0 0 -0.01205
backpack_fatconst_offset
234
0.000000 1.151331 -0.110535 0.999927 0 0 -0.01205
backpack_r_pocket_02_space
235
-0.144342 1.084194 -0.123640 0 0 0 1
backpack_r_pocket_02
236
-0.144342 1.084194 -0.123640 0 0 0 1
backpack_r_up_belt_04_space
235
-0.133752 1.185356 -0.113884 0 0 0 1
backpack_r_up_belt_04
238
-0.133752 1.185356 -0.113884 0 0 0 1
backpack_squash_01_space
235
0.005801 1.021490 -0.287418 0 0 0 1
backpack_squash_01
240
0.005801 1.021490 -0.287418 0 0 0 1
backpack_l_squash_01_space
235
0.164714 1.071465 -0.164537 0.999927 0 0 -0.01205
backpack_l_squash_01
242
0.164714 1.071465 -0.164537 0.999927 0 0 -0.01205
backpack_fatconst_driver
173
0.000000 1.151090 -0.100538 0.999927 0 0 -0.01205
arrow_in_backpack_space
173
-0.006818 1.097872 -0.194456 0.714817 0.043289 0.216281 0.663616
arrow_slot_1
245
-0.006818 1.097872 -0.194456 0.714817 0.043289 0.216281 0.663616
arrow_slot_2
245
-0.012640 1.108078 -0.195446 0.684016 0.143871 0.093533 0.708996
arrow_slot_3
245
0.000000 1.068959 -0.194201 0.649663 0.267575 -0.076279 0.707477
arrow_slot_4
245
-0.012915 1.080245 -0.199834 0.60297 0.397898 -0.269871 0.636611
noTwist_0
171
0.000000 0.945494 0.009869 -0.707107 0 0 0.707107
m_twist_01
250
0.000000 0.945494 0.009869 -0.698507 0 0 0.715603
constrained_0
250
0.000000 1.042753 0.012221 -0.707107 0 0 0.707107
noTwist_1
252
0.000000 1.042753 0.012221 -0.707107 0 0 0.707107
m_twist_02
253
0.000000 1.042753 0.012221 -0.727979 0 0 0.685599
constrained_1
253
0.000000 1.142435 0.006238 -0.707107 0 0 0.707107
noTwist_2
255
0.000000 1.142435 0.006238 -0.707107 0 0 0.707107
m_twist_03
256
0.000000 1.142435 0.006238 -0.719894 0 0 0.694084
constrained_2
256
0.000000 1.258627 0.001995 -0.707107 0 0 0.707107
m_twist_04
256
0.000000 1.258627 0.001995 -0.707107 0 0 0.707107
rifle_strap_straight_helper_grp
143
0.142924 1.232321 -0.133400 0.054538 -0.605633 0.791667 -0.059143
rifle_strap_straight_01_space
260
0.198716 0.782353 -0.057496 0.64281 0.743359 0.184144 -0.01745
rifle_strap_straight_01
261
0.198716 0.782353 -0.057496 0.597664 -0.005166 0.777069 -0.19732
rifle_strap_straight_02_space
260
0.184448 0.862801 -0.036736 0.686228 0.713118 0.13373 -0.051672
rifle_strap_straight_02
263
0.184448 0.862801 -0.036736 0.658644 -0.079256 0.740702 -0.106146
rifle_strap_straight_03_space
260
0.180608 0.932919 -0.018043 0.696957 0.702347 0.117875 -0.084057
rifle_strap_straight_03
265
0.180608 0.932920 -0.018043 0.682741 -0.098274 0.716561 -0.103666
rifle_strap_straight_04_space
260
0.179559 1.002910 0.002562 0.703431 0.692727 0.154826 -0.036643
rifle_strap_straight_04
267
0.179559 1.002910 0.002562 0.638992 -0.101091 0.757166 -0.090387
rifle_strap_straight_05_space
260
0.179012 1.071509 0.021690 0.698198 0.681113 0.215096 0.048353
rifle_strap_straight_05
269
0.179012 1.071510 0.021690 0.557937 -0.091916 0.821376 -0.074829
rifle_strap_straight_06_space
260
0.177492 1.144057 0.039194 0.686083 0.643129 0.300842 0.158648
rifle_strap_straight_06
271
0.177492 1.144058 0.039194 0.434869 -0.092575 0.894347 -0.049622
rifle_strap_straight_07_space
260
0.176895 1.214839 0.054303 0.642809 0.678969 0.298234 0.191974
rifle_strap_straight_07
273
0.176896 1.214839 0.054302 0.415787 -0.035053 0.905992 -0.071213
rifle_strap_straight_08_space
260
0.169736 1.285613 0.063099 0.655392 0.680047 0.262524 0.197685
rifle_strap_straight_08
275
0.169737 1.285613 0.063099 0.431736 0.113727 0.891569 -0.075989
rifle_strap_straight_09_space
260
0.152674 1.355888 0.053084 0.530689 0.696865 0.312462 0.36758
rifle_strap_straight_09
277
0.152675 1.355886 0.053084 0.251289 0.404563 0.873863 -0.097706
rifle_strap_straight_10_space
260
0.127300 1.400215 0.008458 0.292597 0.78223 0.192164 0.515341
rifle_strap_straight_10
279
0.127301 1.400215 0.008458 0.14844 0.634884 0.753118 -0.087761
rifle_strap_straight_11_space
260
0.110653 1.409479 -0.039835 0.143908 0.740184 -0.077214 0.65227
rifle_strap_straight_11
281
0.110653 1.409478 -0.039835 0.123613 0.879752 0.444438 0.115028
rifle_strap_straight_12_space
260
0.105541 1.384001 -0.075781 -0.19043 0.671648 -0.243532 0.673289
rifle_strap_straight_12
283
0.105541 1.384001 -0.075780 -0.006652 0.960999 0.271687 0.051222
rifle_strap_straight_13_space
260
0.108409 1.323805 -0.112614 -0.596273 0.672243 -0.069915 0.433197
rifle_strap_straight_13
285
0.108409 1.323805 -0.112614 -0.143657 0.885816 0.219626 -0.382698
rifle_strap_straight_14_space
260
0.114729 1.260728 -0.149122 -0.661077 0.679102 0.03433 0.317205
rifle_strap_straight_14
287
0.114730 1.260728 -0.149122 0.179795 -0.82128 -0.138677 0.523395
rifle_strap_straight_15_space
260
0.125623 1.195660 -0.179301 0.72504 -0.63941 -0.113683 -0.229234
rifle_strap_straight_15
289
0.125623 1.195660 -0.179301 0.251262 -0.738812 -0.120393 0.61362
rifle_strap_def_helper_grp
143
0.193141 1.260134 -0.093732 0.078237 -0.615222 0.78207 0.061216
rifle_strap_def_01_space
291
0.188455 0.805221 -0.027564 0.691631 0.702529 0.054856 -0.158397
rifle_strap_def_01
292
0.188455 0.805221 -0.027564 0.747086 -0.117704 0.64265 -0.122515
rifle_strap_def_02_space
291
0.188543 0.880318 -0.007240 0.702944 0.703872 0.05525 -0.085921
rifle_strap_def_02
294
0.188543 0.880319 -0.007240 0.718743 -0.070119 0.688072 -0.07105
rifle_strap_def_03_space
291
0.188741 0.944534 0.005775 0.708077 0.697945 0.103137 -0.029357
rifle_strap_def_03
296
0.188741 0.944535 0.005775 0.666122 -0.071313 0.7399 -0.061181
rifle_strap_def_04_space
291
0.189039 1.009913 0.018222 0.700165 0.679105 0.20786 0.07335
rifle_strap_def_04
298
0.189039 1.009913 0.018222 0.549036 -0.077784 0.830236 -0.056723
rifle_strap_def_05_space
291
0.188471 1.073403 0.030607 0.679226 0.652144 0.297911 0.156875
rifle_strap_def_05
300
0.188471 1.073405 0.030606 0.438301 -0.084057 0.893073 -0.056978
rifle_strap_def_06_space
291
0.186583 1.139238 0.044057 0.651007 0.621997 0.367467 0.232975
rifle_strap_def_06
302
0.186584 1.139239 0.044057 0.336288 -0.081752 0.936721 -0.052742
rifle_strap_def_07_space
291
0.183718 1.203381 0.056389 0.632026 0.638846 0.359977 0.250671
rifle_strap_def_07
304
0.183719 1.203381 0.056389 0.330113 -0.051245 0.940759 -0.058063
rifle_strap_def_08_space
291
0.178717 1.268903 0.065326 0.658322 0.658002 0.29062 0.22178
rifle_strap_def_08
306
0.178718 1.268903 0.065326 0.400033 0.071141 0.912484 -0.047812
rifle_strap_def_09_space
291
0.169211 1.333871 0.059287 0.577819 0.662968 0.296571 0.372349
rifle_strap_def_09
308
0.169211 1.333870 0.059287 0.284544 0.302906 0.909402 -0.016443
rifle_strap_def_10_space
291
0.157960 1.379258 0.029162 0.441497 0.729137 0.15346 0.49989
rifle_strap_def_10
310
0.157959 1.379258 0.029163 0.253316 0.555412 0.79195 0.012811
rifle_strap_def_11_space
291
0.142284 1.402233 -0.024041 0.254552 0.705731 -0.067135 0.657754
rifle_strap_def_11
312
0.142284 1.402232 -0.024041 0.178916 0.833314 0.484438 0.197221
rifle_strap_def_12_space
291
0.137785 1.382630 -0.060926 -0.053193 0.604988 -0.322343 0.726124
rifle_strap_def_12
314
0.137786 1.382630 -0.060926 0.04743 0.935488 0.26113 0.233288
rifle_strap_def_13_space
291
0.139258 1.344396 -0.083653 -0.403075 0.516178 -0.402197 0.639788
rifle_strap_def_13
316
0.139258 1.344396 -0.083653 -0.062247 0.980618 0.17535 0.061371
rifle_strap_def_14_space
291
0.148720 1.283067 -0.105810 -0.518059 0.564932 -0.290784 0.572636
rifle_strap_def_14
318
0.148720 1.283067 -0.105810 -0.136258 0.958809 0.221927 -0.113439
rifle_strap_def_15_space
291
0.162234 1.227687 -0.135056 -0.596713 0.573009 -0.098985 0.552989
rifle_strap_def_15
320
0.162234 1.227687 -0.135056 -0.266753 0.848375 0.358684 -0.283636
l_thumba
37
0.429280 0.911250 0.135187 0.286237 -0.050257 0.130388 0.947915
r_thumba
38
-0.429280 0.911251 0.135187 0.947915 -0.130388 -0.050257 -0.286237
l_thumbb
322
0.428523 0.890854 0.165688 0.398036 -0.03423 0.135482 0.906665
r_thumbb
323
-0.428523 0.890854 0.165688 0.906665 -0.135482 -0.03423 -0.398036
l_thumbc
324
0.429779 0.870805 0.184358 0.452934 -0.02585 0.137327 0.880525
r_thumbc
325
-0.429779 0.870806 0.184358 0.880525 -0.137327 -0.02585 -0.452934
l_index_meta
37
0.442523 0.913143 0.129531 0.211632 0.400617 -0.359066 0.815959
r_index_meta
38
-0.442523 0.913143 0.129531 0.815959 0.359066 0.400617 -0.211632
l_indexa
328
0.472727 0.875038 0.165009 0.299671 0.401639 -0.435631 0.747736
r_indexa
329
-0.472726 0.875039 0.165010 0.747736 0.435631 0.401639 -0.299671
l_indexb
330
0.487339 0.840693 0.186430 0.435127 0.312412 -0.503475 0.677921
r_indexb
331
-0.487339 0.840694 0.186431 0.677921 0.503475 0.312412 -0.435127
l_indexc
332
0.487051 0.822779 0.194869 0.489993 0.269463 -0.52771 0.639389
r_indexc
333
-0.487050 0.822779 0.194870 0.639389 0.52771 0.269463 -0.489993
l_middle_meta
37
0.446247 0.911544 0.119044 0.209561 0.48305 -0.368952 0.765913
r_middle_meta
38
-0.446247 0.911544 0.119044 0.765913 0.368952 0.48305 -0.209561
l_middlea
336
0.482958 0.869054 0.146985 0.304983 0.465827 -0.441764 0.703445
r_middlea
337
-0.482958 0.869054 0.146986 0.703445 0.441764 0.465827 -0.304983
l_middleb
338
0.501224 0.829265 0.164970 0.445458 0.36305 -0.529477 0.624033
r_middleb
339
-0.501223 0.829266 0.164971 0.624033 0.529477 0.36305 -0.445458
l_middlec
340
0.500678 0.801682 0.174929 0.49424 0.319255 -0.55698 0.586154
r_middlec
341
-0.500678 0.801682 0.174929 0.586154 0.55698 0.319255 -0.49424
l_ring_meta
37
0.452870 0.908240 0.107556 0.170783 0.525073 -0.472856 0.686687
r_ring_meta
38
-0.452870 0.908240 0.107556 0.686687 0.472856 0.525073 -0.170783
l_ringa
344
0.486269 0.864605 0.130847 0.329219 0.500181 -0.451801 0.661294
r_ringa
345
-0.486269 0.864606 0.130847 0.661294 0.451801 0.500181 -0.329219
l_ringb
346
0.502183 0.825814 0.143213 0.455354 0.399223 -0.543071 0.581677
r_ringb
347
-0.502183 0.825814 0.143213 0.581677 0.543071 0.399223 -0.455354
l_ringc
348
0.501400 0.800767 0.150143 0.480724 0.374724 -0.560256 0.560892
r_ringc
349
-0.501399 0.800767 0.150143 0.560892 0.560256 0.374724 -0.480724
l_pinky_meta
37
0.449464 0.900547 0.097224 0.213729 0.549897 -0.446021 0.673052
r_pinky_meta
38
-0.449464 0.900547 0.097224 0.673052 0.446021 0.549897 -0.213729
l_pinkya
352
0.479316 0.858274 0.113729 0.364125 0.541706 -0.469201 0.594827
r_pinkya
353
-0.479316 0.858275 0.113729 0.594827 0.469201 0.541706 -0.364125
l_pinkyb
354
0.489874 0.825441 0.118888 0.449188 0.465239 -0.545112 0.533513
r_pinkyb
355
-0.489873 0.825441 0.118888 0.533513 0.545112 0.465239 -0.449188
l_pinkyc
356
0.489988 0.808670 0.121669 -0.4873 -0.423784 0.577929 -0.498944
r_pinkyc
357
-0.489987 0.808671 0.121669 0.498944 0.577929 0.423784 -0.4873
jaw
7
0.000000 1.521294 0.045000 0 0 0 1
tongue_a
360
0.000645 1.495570 0.073681 0 0 0 1
tongue_b
361
0.000762 1.497323 0.082937 0 0 0 1
tongue_c
362
0.000937 1.493841 0.096757 0 0 0 1
tongue_d
363
0.001094 1.494138 0.109169 0 0 0 1
lower_teeth
360
0.000810 1.479652 0.086689 0 0 0 1
brow_grp
7
0.000000 1.510932 0.032869 0 0 0 1
l_outereye_3
366
0.020588 1.556221 0.115115 -0.017896 -0.465977 0.782093 -0.41337
l_outereye_4
366
0.011144 1.553634 0.118667 0.85495 0.044149 0.474101 -0.205765
l_outereye_16
366
0.031448 1.567670 0.123008 0.148674 -0.286449 0.941364 0.098373
l_outereye_19
366
0.031215 1.560076 0.118033 0.296509 -0.296781 0.620707 0.662365
l_outereye_36
366
0.041967 1.555825 0.112917 0.388584 -0.013444 0.341085 0.855852
l_outereye_37
366
0.048296 1.547013 0.107515 -0.343483 0.098141 -0.763553 0.537935
l_outereye_40
366
0.042739 1.552487 0.111333 0.289332 0.354305 0.761055 -0.459946
l_outereye_52
366
0.031658 1.549638 0.116985 -0.428143 0.075252 0.046241 0.899385
r_outereye_3
366
-0.020942 1.556440 0.115485 0.237557 0.105906 -0.369557 0.892064
r_outereye_4
366
-0.010635 1.553899 0.119060 0.400414 -0.247183 -0.617247 0.630536
r_outereye_16
366
-0.032160 1.567061 0.122371 0.303898 0.074602 -0.589958 0.744332
r_outereye_19
366
-0.032430 1.559827 0.117932 0.435802 -0.020801 0.046739 0.898587
r_outereye_37
366
-0.047493 1.546571 0.106195 -0.357704 0.171447 0.905691 -0.14959
r_outereye_40
366
-0.042463 1.552017 0.110904 0.016087 0.452047 0.863892 -0.221551
r_outereye_52
366
-0.031631 1.549716 0.116887 -0.060331 0.396728 0.915867 0.012437
r_outereye_36
366
-0.042100 1.555207 0.112172 0.276991 -0.305729 0.44784 0.79325
l_brow_14
366
0.048913 1.572262 0.114411 0.39744 -0.191764 0.747147 -0.497031
l_brow_44
366
0.008203 1.573654 0.132951 0.007261 -0.05817 0.99675 -0.055259
r_brow_3
366
-0.061934 1.593247 0.085942 0.144486 -0.534266 -0.335439 0.762341
r_brow_14
366
-0.049145 1.571578 0.112631 -0.440046 0.173281 0.862996 -0.177684
r_brow_44
366
-0.008745 1.573584 0.132186 0.075795 0.016123 -0.732292 0.676568
m_head_2
366
-0.000847 1.651413 0.087686 -0.402372 -0.396455 -0.594506 0.572262
m_head_3
366
0.000906 1.662857 0.024803 -0.033125 0.714921 0.698138 -0.019877
l_outereye_68
366
0.017243 1.553992 0.114801 0.318816 -0.166955 0.826619 0.432647
l_outereye_69
366
0.018138 1.551453 0.114452 -0.436221 0.049098 0.045601 0.897341
r_outereye_68
366
-0.017395 1.554128 0.114935 0.243381 -0.068511 -0.27433 0.927801
r_outereye_69
366
-0.018127 1.551172 0.114516 -0.389299 0.252107 0.624852 0.628051
l_outereye_70
366
0.014973 1.560807 0.122166 0.325115 -0.34947 0.852639 0.212552
r_outereye_70
366
-0.014846 1.561287 0.121772 0.459359 0.02205 -0.465219 0.756356
l_outereye_71
366
0.015976 1.552002 0.114710 0.130765 0.018989 0.828141 0.544722
r_outereye_71
366
-0.015849 1.552139 0.114798 -0.004974 -0.053128 0.244605 0.968154
mouth_grp
7
0.000000 1.510932 0.032869 0 0 0 1
l_lips_12
398
0.015797 1.495433 0.128627 0.006896 0.304114 -0.192223 0.933015
l_lips_28
398
0.018964 1.489975 0.115122 0.625666 -0.370828 0.3757 0.57435
l_lips_32
398
0.022722 1.489379 0.117962 -0.035083 0.323028 0.903034 0.280983
l_lips_44
398
0.016719 1.485379 0.125233 0.282835 0.251983 0.787102 0.486806
m_lips_0
398
0.001785 1.498720 0.134488 -0.136623 -0.115982 -0.701149 0.690125
m_lips_2
398
0.001842 1.491149 0.129337 0.423697 -0.500154 0.487915 0.576424
m_lips_4
398
0.001373 1.482010 0.131250 0.011433 -0.193944 0.980926 -0.006249
m_lips_6
398
0.001193 1.490607 0.128330 -0.383466 0.441358 0.548813 0.597462
r_lips_12
398
-0.012859 1.494949 0.128952 -0.155908 -0.217568 0.818323 0.50863
r_lips_28
398
-0.017473 1.489320 0.115603 0.714324 -0.169015 0.137998 0.66493
r_lips_32
398
-0.020998 1.488784 0.118723 -0.199172 -0.095895 -0.483978 0.846699
r_lips_44
398
-0.014618 1.485366 0.125550 0.0245 -0.368938 -0.212701 0.904457
l_outerlips_10
398
0.015859 1.504112 0.127268 0.058925 0.307956 0.46355 0.828741
l_outerlips_24
398
0.036273 1.499222 0.115997 0.312272 -0.139336 0.93109 -0.127057
l_outerlips_40
398
0.029342 1.472596 0.110759 0.236861 -0.302052 0.814476 -0.435076
l_outerlips_47
398
0.009246 1.471393 0.123408 -0.094842 0.131832 0.016775 0.986582
m_outerlips_0
398
0.001549 1.504761 0.132003 -0.089952 0.090792 -0.705034 0.697562
r_outerlips_10
398
-0.013136 1.503625 0.127266 -0.190937 -0.229446 0.263062 0.91744
r_outerlips_24
398
-0.034931 1.499560 0.115143 0.32606 -0.142527 -0.748271 0.559877
r_outerlips_40
398
-0.028691 1.472439 0.110459 -0.397678 -0.078991 0.870184 -0.279988
r_outerlips_47
398
-0.007740 1.470664 0.123539 -0.167463 -0.022096 0.695441 0.698448
m_mouthbag_0
398
0.003209 1.512650 0.067011 0.718925 -0.030506 0.048978 0.692689
m_mouthbag_1
398
0.002210 1.477631 0.062145 -0.054485 0.484923 0.872683 0.017496
l_mouthbag_0
398
0.032183 1.493912 0.070798 -0.512342 0.027314 0.858206 -0.015554
r_mouthbag_0
398
-0.029110 1.494354 0.070991 -0.471804 0.555714 -0.433271 0.529961
l_chin_6
398
0.020891 1.458118 0.113871 0.104023 0.484375 -0.397918 0.772154
r_chin_6
398
-0.019109 1.457772 0.113032 -0.277362 -0.450202 0.809722 0.254441
l_cheek_22
398
0.053619 1.497344 0.091985 0.536457 -0.161178 0.827678 -0.034409
l_cheek_34
398
0.036166 1.461705 0.082584 0.214376 -0.670668 0.676289 -0.216517
r_cheek_22
398
-0.052833 1.497285 0.090633 0.494619 -0.250322 -0.600439 0.576337
r_cheek_34
398
-0.034818 1.461848 0.081709 -0.615289 -0.338871 0.625249 -0.340073
l_nose_11
398
0.015790 1.526153 0.126317 0.12252 0.361048 0.403439 0.831787
m_nose_6
398
0.002756 1.525336 0.147313 0.116669 0.162846 0.979723 -0.003505
r_nose_11
398
-0.013455 1.526228 0.126487 -0.067884 -0.319286 0.373579 0.868267
l_ear_0
398
0.072061 1.540177 0.036549 -0.023646 0.642453 -0.51055 0.570994
r_ear_0
398
-0.071001 1.539539 0.036938 0.323113 -0.509843 0.184296 0.775689
m_neck_6
398
0.002227 1.509247 -0.032628 0.986462 0.006322 0.057294 0.153524
upper_teeth
7
0.000824 1.513815 0.087767 -0.707107 0 0 0.707107
eyelash_grp
7
0.000000 1.510932 0.032869 0 0 0 1
l_eyelash_00
437
0.020588 1.556222 0.115115 0 0 0 1
r_eyelash_00
437
-0.020942 1.556440 0.115485 0 0 0 1
l_eyelash_01
437
0.025569 1.550768 0.116181 0 0 0 1
r_eyelash_01
437
-0.025739 1.550738 0.116361 0 0 0 1
l_eyelash_03
437
0.031658 1.549638 0.116985 0 0 0 1
r_eyelash_03
437
-0.031631 1.549716 0.116887 0 0 0 1
l_eyelash_05
437
0.039066 1.550525 0.114489 0 0 0 1
r_eyelash_05
437
-0.038800 1.550333 0.114241 0 0 0 1
l_eyelash_06
437
0.042739 1.552487 0.111333 0 0 0 1
r_eyelash_06
437
-0.042463 1.552017 0.110904 0 0 0 1
l_eyelash_07
437
0.041967 1.555825 0.112917 -0.006929 -0.00249 0.008089 0.99994
r_eyelash_07
437
-0.042100 1.555207 0.112172 -0.010865 -0.024311 0.006091 0.999627
l_eyelash_09
437
0.037575 1.558413 0.116398 -0.001467 0.008979 -0.000028 0.999959
r_eyelash_09
437
-0.038457 1.557890 0.115850 0.000899 -0.012135 0.001056 0.999925
l_eyelash_11
437
0.031215 1.560076 0.118033 -0.016095 -0.297133 0.214628 0.930262
r_eyelash_11
437
-0.032430 1.559828 0.117932 -0.002955 0.291824 -0.240039 0.925857
l_eyelash_13
437
0.025212 1.559083 0.116819 0.000383 0.000015 0.000911 1
r_eyelash_13
437
-0.025998 1.559296 0.117162 0.024826 -0.017528 -0.00146 0.999537
l_outereye_11
366
0.025212 1.559083 0.116819 0.328817 0.236771 -0.47455 0.781423
l_outereye_24
366
0.042523 1.565994 0.117920 0.163353 0.255969 -0.232183 0.92406
l_outereye_27
366
0.037575 1.558413 0.116398 0.160654 -0.3284 0.890947 0.269366
l_outereye_34
366
0.052472 1.553940 0.103369 0.096084 0.333784 0.010031 0.937686
l_outereye_43
366
0.037274 1.547089 0.116369 0.043202 0.157151 0.147023 0.975613
l_outereye_44
366
0.039066 1.550525 0.114489 -0.106321 0.422069 0.819991 0.37171
l_outereye_59
366
0.020753 1.547560 0.115679 -0.075042 -0.067106 0.924569 0.367474
l_outereye_60
366
0.025569 1.550768 0.116181 -0.518186 -0.076549 -0.189784 0.830425
r_outereye_11
366
-0.025998 1.559295 0.117162 0.027625 -0.507825 0.848987 0.143431
r_outereye_24
366
-0.042876 1.565135 0.117059 0.279379 -0.138727 -0.493555 0.811853
r_outereye_27
366
-0.038457 1.557890 0.115850 0.356062 0.098645 -0.4313 0.823086
r_outereye_34
366
-0.051481 1.553263 0.101683 -0.175632 -0.363581 0.625236 0.667864
r_outereye_43
366
-0.036963 1.546965 0.115793 -0.179782 -0.157245 0.9643 0.114358
r_outereye_44
366
-0.038800 1.550333 0.114241 -0.339838 -0.26729 -0.29984 0.850389
r_outereye_59
366
-0.020323 1.547505 0.115214 0.177231 -0.045997 0.8966 0.403214
r_outereye_60
366
-0.025739 1.550738 0.116361 -0.264694 0.406673 0.743113 0.4608
l_brow_0
366
0.067201 1.566391 0.075721 0.5794 -0.086238 0.794511 -0.160036
l_brow_2
366
0.059899 1.556793 0.094277 0.053305 0.503278 0.133932 0.852017
l_brow_11
366
0.044342 1.599823 0.112177 -0.398322 0.109459 -0.744071 0.525088
l_brow_26
366
0.034886 1.575592 0.125296 0.238667 0.004203 0.966494 0.094394
l_brow_39
366
0.021452 1.575089 0.130983 -0.039909 0.15502 -0.711859 0.683837
l_brow_40
366
0.010269 1.598281 0.130453 -0.106156 0.05067 -0.01189 0.992987
m_brow_4
366
-0.000188 1.573195 0.132885 -0.030168 -0.042991 0.998446 0.018614
r_brow_0
366
-0.066324 1.565644 0.072067 -0.477965 0.309326 0.661993 -0.487476
r_brow_2
366
-0.058481 1.556228 0.091782 -0.33096 -0.394823 0.502151 0.694569
r_brow_11
366
-0.045933 1.598709 0.109585 -0.394339 0.181228 0.886094 -0.162758
r_brow_26
366
-0.035724 1.574784 0.124146 0.17196 -0.206295 -0.60684 0.748076
r_brow_39
366
-0.022360 1.574563 0.129907 -0.150099 -0.090899 0.983295 -0.048348
r_brow_40
366
-0.012689 1.597884 0.129950 -0.105672 0.009562 0.722649 0.683023
l_head_5
366
0.041925 1.616686 0.106096 0.027102 0.481523 0.494356 0.723197
l_head_9
366
0.059126 1.612381 0.081780 0.578551 -0.094925 0.690933 -0.422942
m_head_1
366
-0.001569 1.620043 0.123524 -0.183482 -0.233556 -0.671467 0.67891
r_head_5
366
-0.043532 1.615937 0.103879 -0.308618 -0.372941 0.159309 0.860402
r_head_9
366
-0.059615 1.611435 0.078598 -0.508027 0.355044 0.761857 -0.188222
l_outereye_61
366
0.021018 1.550894 0.115480 -0.028279 0.20035 0.921371 -0.331867
r_outereye_61
366
-0.021069 1.550631 0.115525 0.203634 0.153016 0.88492 -0.389918
l_outereye_62
366
0.012919 1.546066 0.118449 0.39674 0.142362 0.877782 -0.22766
r_outereye_62
366
-0.011999 1.546075 0.118279 -0.211976 0.413335 0.769252 -0.438716
l_lips_7
398
0.012335 1.490708 0.123900 0.595116 -0.418087 0.201739 0.656004
l_lips_20
398
0.019537 1.492638 0.124337 0.261814 0.344804 -0.303144 0.848921
l_lips_22
398
0.018834 1.489930 0.116303 0.017341 0.698277 0.714429 -0.041226
l_lips_23
398
0.015392 1.494568 0.115781 0.920988 -0.089375 -0.343102 0.161475
l_lips_40
398
0.020840 1.487394 0.120338 -0.174493 0.353083 0.341174 0.853513
l_lips_42
398
0.014878 1.490111 0.120019 0.67247 0.226645 -0.341867 0.616071
l_lips_43
398
0.014212 1.486877 0.114569 -0.087836 0.917675 0.070958 -0.38095
r_lips_7
398
-0.009458 1.491060 0.124393 0.736601 -0.068508 0.320849 0.591424
r_lips_20
398
-0.016952 1.492611 0.124944 -0.065668 -0.419053 0.802362 0.419877
r_lips_22
398
-0.017103 1.489609 0.116558 -0.476182 -0.504396 -0.498442 0.519992
r_lips_23
398
-0.012972 1.494479 0.116192 0.724521 -0.578966 0.354876 -0.118029
r_lips_40
398
-0.019172 1.487041 0.120709 -0.378089 -0.148534 0.3731 0.834136
r_lips_42
398
-0.012678 1.490051 0.120709 0.355373 -0.604095 0.685829 0.196005
r_lips_43
398
-0.011979 1.487152 0.114418 0.669112 0.62279 0.397068 0.082212
l_outerlips_2
398
0.009271 1.504255 0.130971 -0.177535 0.235559 -0.038951 0.954713
l_outerlips_18
398
0.022315 1.499725 0.124064 0.222747 0.099151 0.879655 0.408362
l_outerlips_26
398
0.021905 1.490510 0.119633 -0.086006 -0.537477 0.804367 -0.23815
l_outerlips_32
398
0.037402 1.487674 0.111870 0.403759 -0.129121 0.905693 -0.005139
l_outerlips_42
398
0.016521 1.475997 0.121580 0.31162 0.015318 0.779022 0.543859
m_outerlips_2
398
0.001072 1.474831 0.124452 0.012326 -0.043469 0.998766 0.020628
r_outerlips_2
398
-0.005921 1.504353 0.130915 -0.335937 -0.011755 0.689591 0.641461
r_outerlips_18
398
-0.020336 1.499695 0.124051 0.08384 -0.221404 -0.330835 0.913509
r_outerlips_26
398
-0.019835 1.490220 0.120470 -0.296331 -0.406902 0.77264 -0.386841
r_outerlips_32
398
-0.036349 1.487803 0.111180 0.355185 -0.203008 -0.649307 0.641118
r_outerlips_42
398
-0.014973 1.475981 0.121607 0.2761 0.007254 -0.773704 0.570175
l_chin_3
398
0.009931 1.458818 0.123293 0.246226 0.145371 0.05268 0.956799
l_chin_5
398
0.014438 1.450908 0.109105 0.343532 0.526031 -0.460576 0.627014
m_chin_3
398
0.001715 1.448089 0.093720 0.021462 0.739526 -0.672754 -0.006542
r_chin_3
398
-0.008185 1.458210 0.123185 0.088977 -0.290966 0.651019 0.695411
r_chin_5
398
-0.012092 1.450933 0.108582 -0.1365 -0.657748 0.734488 0.096243
l_cheek_5
398
0.026085 1.528899 0.120548 -0.075496 0.201359 0.394948 0.89318
l_cheek_10
398
0.066162 1.540116 0.084970 0.397813 0.464102 0.526562 0.590836
l_cheek_14
398
0.062403 1.522890 0.088909 0.621754 0.135634 0.67373 0.375651
l_cheek_15
398
0.045801 1.503636 0.108232 0.387141 -0.194245 0.893689 -0.117091
l_cheek_20
398
0.066594 1.526794 0.063267 0.676319 -0.115944 0.725976 0.045916
l_cheek_23
398
0.045289 1.488001 0.101830 0.461773 -0.147467 0.874486 0.017148
l_cheek_30
398
0.049903 1.476498 0.081474 0.2613 -0.590518 0.646302 -0.406576
l_cheek_31
398
0.037567 1.472183 0.101353 0.461523 -0.140572 0.848349 0.218035
l_cheek_35
398
0.028207 1.459250 0.102565 0.542826 0.260687 0.288081 0.744575
r_cheek_5
398
-0.025196 1.528945 0.120613 -0.172065 -0.090206 0.371743 0.90778
r_cheek_10
398
-0.064655 1.539902 0.082667 -0.054485 -0.612033 0.053636 0.787128
r_cheek_14
398
-0.061555 1.522827 0.086972 0.272569 -0.527029 -0.206351 0.778053
r_cheek_15
398
-0.044623 1.504074 0.106835 -0.128479 -0.394113 0.539502 0.732875
r_cheek_20
398
-0.065423 1.525328 0.061484 0.525583 -0.406343 -0.511826 0.544685
r_cheek_23
398
-0.044262 1.488101 0.100762 0.425277 -0.222763 -0.606791 0.633499
r_cheek_30
398
-0.048703 1.476392 0.080491 -0.59343 -0.228426 0.753433 -0.167334
r_cheek_31
398
-0.036796 1.472155 0.100616 0.446841 -0.224893 -0.436511 0.747807
r_cheek_35
398
-0.026433 1.459482 0.101597 0.225841 -0.560236 0.346809 0.717534
l_nose_7
398
0.010188 1.541388 0.126125 -0.282473 0.433261 -0.08404 0.851723
l_nose_13
398
0.009635 1.530092 0.136906 -0.565065 0.049997 -0.630529 0.52975
l_nose_19
398
0.010166 1.521115 0.143248 0.459454 0.004392 0.884845 0.077027
l_nose_20
398
0.008261 1.512960 0.132394 -0.299152 0.179252 -0.651761 0.673487
m_nose_7
398
0.002586 1.516404 0.145999 0.26777 0.20505 -0.683887 0.646956
r_nose_7
398
-0.008767 1.541732 0.126597 -0.480653 -0.08866 0.688879 0.535311
r_nose_13
398
-0.005983 1.530372 0.137182 -0.40129 0.361763 0.837486 -0.081926
r_nose_19
398
-0.006121 1.521179 0.143797 0.284583 -0.291846 -0.602801 0.685908
r_nose_20
398
-0.004240 1.512318 0.132286 -0.316268 -0.09582 0.943149 0.035537
hoodie_1
4
0.050000 1.376236 -0.115039 -0.707107 0 0 0.707107
hoodie_2
4
-0.050000 1.376236 -0.115039 -0.707107 0 0 0.707107
hoodie_3
4
0.048901 1.341384 0.086694 -0.707107 0 0 0.707107
hoodie_4
4
-0.036782 1.340174 0.089348 -0.707107 0 0 0.707107
l_outereye_8
366
0.019759 1.567113 0.126680 0.20885 -0.347711 0.911939 0.062016
l_outereye_9
366
0.016944 1.557816 0.117078 0.344892 -0.358242 0.844631 0.19827
l_outereye_10
366
0.027698 1.563215 0.117619 -0.050767 0.714857 -0.689778 0.102997
l_outereye_18
366
0.035466 1.562599 0.117235 -0.355794 -0.106967 -0.733801 0.568775
l_outereye_25
366
0.037812 1.563727 0.118828 0.220166 0.180542 -0.207507 0.935881
l_outereye_26
366
0.041196 1.560486 0.114672 0.394891 0.01903 0.770621 -0.499843
l_outereye_32
366
0.054770 1.564384 0.105258 -0.085665 0.478945 -0.360401 0.795854
l_outereye_33
366
0.047223 1.558916 0.110133 0.00028 0.36291 -0.66172 0.656066
l_outereye_39
366
0.041312 1.549278 0.110095 -0.498554 0.65708 0.479357 -0.299846
l_outereye_49
366
0.034990 1.537277 0.115987 -0.116517 0.091202 -0.181154 0.97226
l_outereye_51
366
0.028935 1.547576 0.117837 0.112985 -0.004703 -0.775333 0.621347
r_outereye_8
366
-0.020274 1.567000 0.125985 0.381174 0.133063 -0.573951 0.712447
r_outereye_9
366
-0.017003 1.558307 0.117153 0.353939 -0.233175 0.225005 0.877342
r_outereye_10
366
-0.028570 1.563179 0.117552 -0.313978 0.074399 -0.057135 0.944785
r_outereye_18
366
-0.036470 1.562276 0.116893 -0.257085 -0.136938 0.172579 0.940942
r_outereye_25
366
-0.038395 1.562937 0.118126 0.06033 -0.364063 0.813857 0.448837
r_outereye_26
366
-0.041653 1.560017 0.114052 -0.297632 0.363375 0.853845 -0.224328
r_outereye_32
366
-0.054267 1.563866 0.103099 -0.494509 -0.264859 0.765608 0.31489
r_outereye_33
366
-0.046941 1.557754 0.109192 -0.286202 -0.321541 0.902567 -0.008563
r_outereye_39
366
-0.040936 1.549214 0.109879 0.78916 0.164261 0.564924 -0.176368
r_outereye_49
366
-0.034667 1.537277 0.115789 -0.165378 0.033358 0.822262 0.543528
r_outereye_51
366
-0.028787 1.547578 0.117692 0.072844 -0.100209 0.985313 -0.117521
l_brow_3
366
0.061443 1.594680 0.089819 0.145978 0.530292 0.308666 0.77602
l_brow_5
366
0.059898 1.576660 0.095096 -0.262461 0.446639 -0.414362 0.748286
l_brow_22
366
0.023880 1.600556 0.126503 0.064675 0.215975 0.653023 0.723002
r_brow_5
366
-0.059533 1.575547 0.091563 -0.550166 -0.153101 0.80503 0.160638
r_brow_22
366
-0.026461 1.599763 0.125264 -0.109279 -0.239554 0.061093 0.962777
l_head_3
366
0.025174 1.620229 0.117928 -0.067602 0.367081 0.599911 0.707664
l_head_13
366
0.072318 1.574616 0.048008 0.147089 0.65111 0.130295 0.733106
r_head_3
366
-0.027463 1.619527 0.116532 -0.31013 -0.247201 0.071502 0.915204
r_head_13
366
-0.071012 1.574264 0.044202 -0.354968 -0.568422 0.424897 0.608569
r_nose_2
366
-0.008103 1.558460 0.125624 0.230771 -0.363619 0.086919 0.898316
l_nose_2
366
0.009151 1.558223 0.125984 0.430445 0.110837 0.583346 0.679808
l_outereye_63
366
0.043469 1.561418 0.114674 0.036211 -0.384219 0.855636 -0.344894
l_outereye_64
366
0.030201 1.564344 0.120772 0.285833 -0.195789 0.639526 0.686275
l_outereye_65
366
0.022543 1.563314 0.121104 0.453145 0.009945 0.257878 0.853264
l_outereye_66
366
0.045185 1.557945 0.110745 0.232599 -0.276055 0.854676 -0.373122
l_outereye_67
366
0.021562 1.560488 0.116175 0.423672 -0.290616 0.793058 0.327267
r_outereye_63
366
-0.043580 1.560364 0.113768 -0.289705 -0.303632 0.81773 -0.39395
r_outereye_64
366
-0.030966 1.563884 0.120306 0.356778 -0.058121 0.042811 0.931396
r_outereye_65
366
-0.023047 1.563180 0.120859 0.328991 -0.329204 0.435238 0.770686
r_outereye_66
366
-0.045067 1.557269 0.109914 -0.413814 0.034329 0.819903 -0.394131
r_outereye_67
366
-0.021985 1.560769 0.116313 0.49946 -0.064893 -0.346058 0.791564
l_lips_4
398
0.010567 1.497978 0.132143 0.14212 0.207544 -0.165276 0.953631
l_lips_6
398
0.008477 1.491426 0.127310 0.663174 0.116305 -0.114349 0.730478
l_lips_14
398
0.013768 1.490950 0.122752 -0.56349 0.364678 0.110083 0.733056
l_lips_15
398
0.009401 1.495171 0.120868 -0.638754 0.703505 0.102359 -0.294275
l_lips_30
398
0.019026 1.490269 0.111474 0.094998 0.802112 -0.508966 -0.297566
l_lips_31
398
0.020889 1.492182 0.108402 -0.193444 0.825112 0.301637 -0.436789
l_lips_34
398
0.018482 1.489469 0.111477 -0.208491 0.8095 0.456296 -0.305018
l_lips_35
398
0.020626 1.488749 0.106184 -0.417114 0.761146 0.294737 -0.399754
l_lips_52
398
0.009234 1.482819 0.130212 0.142934 -0.166511 0.973994 -0.056394
l_lips_54
398
0.007188 1.491179 0.127338 -0.402883 0.116903 0.097103 0.902547
l_lips_55
398
0.006543 1.488035 0.118662 -0.008414 0.979763 0.135212 -0.147351
l_lips_56
398
0.015786 1.489459 0.114974 0.089274 0.847806 0.448977 -0.267723
l_lips_57
398
0.011200 1.490368 0.118727 0.073804 0.90783 0.387808 -0.141429
l_lips_58
398
0.016752 1.490087 0.115868 0.79144 0.106427 -0.35031 0.489469
m_lips_3
398
0.001971 1.494402 0.122897 0.992526 -0.031705 -0.022141 0.115749
m_lips_7
398
0.001013 1.488340 0.119510 -0.696439 0.697049 0.084981 0.147896
r_lips_4
398
-0.007491 1.497890 0.132228 -0.035778 -0.205797 0.790973 0.575091
r_lips_6
398
-0.005000 1.491882 0.127411 0.703196 -0.111629 0.145509 0.686937
r_lips_14
398
-0.011497 1.491120 0.122869 -0.665856 0.23036 0.417403 0.573886
r_lips_15
398
-0.006205 1.495376 0.121499 0.962192 0.032508 0.185573 0.196703
r_lips_30
398
-0.017326 1.489704 0.111702 0.494902 0.578145 -0.079603 0.643805
r_lips_31
398
-0.018708 1.492084 0.108528 0.75244 0.407014 0.504879 0.115199
r_lips_34
398
-0.016727 1.489260 0.111642 0.551878 0.520025 0.58096 -0.295788
r_lips_35
398
-0.018409 1.488619 0.106295 0.806419 0.331833 0.484014 -0.07284
r_lips_52
398
-0.006918 1.482697 0.130248 0.189484 -0.101587 -0.748667 0.627116
r_lips_54
398
-0.004915 1.491578 0.127533 -0.433854 0.360248 0.493178 0.662395
r_lips_55
398
-0.004601 1.488250 0.118328 0.714302 0.674616 0.185363 0.017493
r_lips_56
398
-0.013994 1.489510 0.115209 0.495712 0.664876 0.529871 -0.177332
r_lips_57
398
-0.009132 1.490738 0.118837 0.581125 0.695866 0.373006 -0.197309
r_lips_58
398
-0.015029 1.489550 0.116331 0.490248 -0.608507 0.613441 0.114308
l_outerlips_8
398
0.018813 1.518658 0.123025 0.19022 -0.012381 0.876672 0.441713
l_outerlips_34
398
0.023602 1.480653 0.118197 0.21977 0.287152 0.310171 0.879226
r_outerlips_8
398
-0.016641 1.518768 0.122829 -0.124289 0.029514 0.864782 -0.485627
r_outerlips_34
398
-0.022503 1.480482 0.118322 -0.055304 -0.306184 0.393544 0.865053
l_chin_8
398
0.021044 1.452688 0.096712 0.178587 -0.688044 0.688954 -0.141577
m_chin_1
398
0.000932 1.452602 0.120512 -0.022313 -0.460826 0.887207 0.002061
m_chin_2
398
0.001243 1.448587 0.109976 0.63993 0.014167 0.017977 0.768092
r_chin_8
398
-0.018559 1.452893 0.095862 0.607646 0.349776 -0.584477 0.408423
l_cheek_0
398
0.017150 1.535834 0.121875 0.333252 0.086857 0.868629 -0.356206
l_cheek_11
398
0.056482 1.533279 0.104581 -0.19543 0.347897 -0.286908 0.870895
l_cheek_16
398
0.070190 1.548219 0.063469 0.69143 -0.032431 0.721705 -0.003714
l_cheek_28
398
0.060145 1.497509 0.048540 0.062882 0.764138 -0.128995 0.628887
r_cheek_0
398
-0.016291 1.535905 0.122025 -0.180992 0.314093 0.858033 -0.363822
r_cheek_11
398
-0.055597 1.533340 0.102629 -0.448688 -0.162057 0.807046 0.347984
r_cheek_16
398
-0.068407 1.547684 0.061228 0.477441 -0.459224 -0.534428 0.524929
r_cheek_28
398
-0.059462 1.495624 0.048752 0.494306 0.586675 -0.545553 -0.337411
l_nose_17
398
0.016814 1.513757 0.129580 -0.037689 0.669881 -0.417918 0.612522
m_nose_3
398
0.001146 1.550518 0.129324 -0.096874 -0.067157 0.020012 0.992827
m_nose_5
398
0.002074 1.536316 0.137166 -0.342765 0.086796 -0.027185 0.935008
m_nose_8
398
0.001786 1.510999 0.135378 0.339216 -0.421733 0.562137 0.625361
r_nose_17
398
-0.013302 1.513838 0.129324 -0.477031 -0.462711 0.734161 0.139098
l_outereye_35
366
0.047170 1.552826 0.107178 0.210138 0.301479 0.621739 0.69166
l_outereye_38
366
0.043340 1.549727 0.112097 0.330868 0.182524 0.85129 0.364028
l_outereye_41
366
0.045266 1.539368 0.111311 -0.258412 0.043326 -0.766192 0.586767
l_outereye_42
366
0.041987 1.545210 0.112616 0.160172 0.269981 0.28303 0.906283
l_outereye_50
366
0.031991 1.542571 0.116207 0.061911 -0.02903 0.988985 0.131278
l_outereye_57
366
0.024397 1.538696 0.117399 0.045938 0.226822 0.917341 0.323923
l_outereye_58
366
0.017941 1.542944 0.117334 -0.241627 -0.006664 -0.52333 0.817128
r_outereye_35
366
-0.046534 1.552093 0.106213 -0.050631 -0.402622 0.07846 0.910591
r_outereye_38
366
-0.043002 1.549378 0.111559 0.113303 -0.363491 -0.334233 0.862163
r_outereye_41
366
-0.044560 1.539169 0.110452 -0.243737 0.154052 0.947993 -0.134798
r_outereye_42
366
-0.041554 1.544966 0.111820 -0.079994 -0.318246 0.439851 0.835974
r_outereye_50
366
-0.031697 1.542540 0.115928 -0.051749 -0.102115 0.77514 0.621331
r_outereye_57
366
-0.023726 1.538631 0.117233 -0.173543 -0.199246 -0.451792 0.852097
r_outereye_58
366
-0.017148 1.542698 0.116761 -0.290818 0.221319 0.90511 0.217298
l_brow_13
366
0.048360 1.585144 0.111466 0.399854 0.183945 0.8635 0.246271
l_brow_24
366
0.028219 1.587875 0.127463 0.236601 0.119162 0.962219 0.062897
l_brow_42
366
0.008366 1.585115 0.132722 -0.048621 -0.028288 -0.70437 0.707601
m_brow_0
366
-0.000987 1.597091 0.131288 -0.077783 0.004269 0.020525 0.99675
m_brow_2
366
-0.000543 1.584535 0.132776 -0.009258 0.03794 0.999127 -0.014829
r_brow_13
366
-0.049123 1.584197 0.108890 0.171147 -0.408777 -0.418738 0.792634
r_brow_24
366
-0.029826 1.586899 0.126140 0.099172 -0.275777 -0.609243 0.736842
r_brow_42
366
-0.009807 1.584732 0.132242 -0.035205 0.057337 0.997067 -0.036471
m_nose_1
366
0.000582 1.560504 0.129750 0.070999 0.120428 -0.698599 0.701724
l_outerlips_9
398
0.022677 1.511033 0.122426 0.1488 0.018503 0.944644 -0.291828
l_outerlips_16
398
0.040895 1.512610 0.115471 0.258137 -0.161692 0.917309 -0.256446
l_outerlips_17
398
0.032663 1.507234 0.119531 0.202872 -0.025853 0.97714 0.058074
l_outerlips_25
398
0.027154 1.493971 0.120830 0.202567 -0.130964 0.95479 -0.173755
l_outerlips_33
398
0.029121 1.487533 0.117637 0.145783 -0.200525 0.967256 0.054347
r_outerlips_9
398
-0.020913 1.511047 0.122233 -0.168003 0.041985 0.939079 0.296889
r_outerlips_16
398
-0.039484 1.512760 0.114525 -0.262865 -0.163865 0.911279 0.271331
r_outerlips_17
398
-0.031354 1.507463 0.118997 0.197664 -0.133437 -0.647029 0.724208
r_outerlips_25
398
-0.025687 1.494267 0.120754 0.241126 -0.081108 -0.79912 0.54469
r_outerlips_33
398
-0.027805 1.487553 0.117755 0.267893 -0.013124 -0.648773 0.712148
l_chin_1
398
0.016918 1.465273 0.120064 0.186651 0.246954 0.577316 0.755567
m_chin_0
398
0.000870 1.461579 0.125748 0.112237 -0.080056 0.705158 0.695519
r_chin_1
398
-0.015580 1.464590 0.119790 0.233309 -0.281372 -0.511549 0.777634
l_cheek_4
398
0.043465 1.531556 0.114430 0.038529 0.198155 0.482902 0.852089
l_cheek_8
398
0.052884 1.515477 0.104604 -0.125272 0.444605 -0.489127 0.739857
l_cheek_9
398
0.034102 1.521496 0.119466 0.125293 0.103587 0.909133 0.383469
l_cheek_21
398
0.061454 1.506620 0.073901 0.540086 0.330408 0.570256 0.523398
l_cheek_29
398
0.056369 1.484600 0.066819 0.682838 -0.209347 0.68599 0.139008
l_cheek_33
398
0.047701 1.472042 0.062935 0.662645 -0.262343 0.652399 0.257786
r_cheek_4
398
-0.042968 1.531602 0.113581 -0.107137 -0.198355 0.266012 0.937238
r_cheek_8
398
-0.052016 1.515444 0.103062 -0.130823 -0.46593 0.500758 0.71766
r_cheek_9
398
-0.033188 1.521575 0.118970 -0.087893 -0.187524 0.394748 0.895145
r_cheek_21
398
-0.060700 1.505608 0.072375 -0.334239 -0.524866 0.530868 0.575308
r_cheek_29
398
-0.055559 1.484175 0.066224 0.620586 -0.327928 -0.387128 0.597887
r_cheek_33
398
-0.047066 1.472022 0.062622 0.643139 -0.263881 -0.277392 0.663169
l_nose_18
398
0.015355 1.518929 0.134802 -0.202308 0.458077 -0.16575 0.849567
r_nose_18
398
-0.012029 1.519142 0.134870 -0.471652 -0.200067 0.713948 0.47728
l_knee_helper
145
0.106572 0.481487 0.030138 -0.015768 0.740791 -0.671403 0.014069
l_ankle_helper
699
0.123538 0.079999 -0.009450 0 0.707107 -0.707107 0
l_twist_13
699
0.112036 0.352179 0.017388 -0.015768 0.740791 -0.671403 0.014069
l_twist_13_offset
701
0.112036 0.352179 0.017388 -0.015768 0.740791 -0.671403 0.014069
l_twist_14
699
0.117769 0.216505 0.004010 -0.015768 0.740791 -0.671403 0.014069
l_twist_14_offset
703
0.117769 0.216505 0.004010 -0.015768 0.740791 -0.671403 0.014069
l_twist_15
699
0.123198 0.088029 -0.008658 -0.015768 0.740791 -0.671403 0.014069
l_twist_15_offset
705
0.123198 0.088029 -0.008658 -0.015768 0.740791 -0.671403 0.014069
l_twist_16
706
0.123198 0.088029 -0.008658 -0.015768 0.740791 -0.671403 0.014069
l_ankle_inner_helper
707
0.123423 0.083101 0.041416 -0.007887 0.724207 -0.689501 0.007037
l_ankle_outer_helper
707
0.123027 0.091789 -0.046874 -0.007887 0.724207 -0.689501 0.007037
l_roll_06
699
0.123368 0.084014 -0.009054 -0.007887 0.724207 -0.689501 0.007037
l_knee_inner_helper
699
0.108086 0.445217 -0.028768 -0.015768 0.740791 -0.671403 0.014069
l_twist_09_offset
146
0.089471 0.885824 0.027148 0.015003 -0.704331 0.709558 -0.014881
l_twist_10_offset
147
0.093485 0.790929 0.027850 0.015003 -0.704331 0.709558 -0.014881
l_twist_11_offset
148
0.097847 0.687781 0.028612 0.015003 -0.704331 0.709558 -0.014881
l_twist_12
145
0.102209 0.584634 0.029375 0.015003 -0.704331 0.709558 -0.014881
l_twist_12_offset
715
0.102209 0.584634 0.029375 0.015003 -0.704331 0.709558 -0.014881
l_twist_12_outer_helper
716
0.102208 0.584136 -0.038004 0.015003 -0.704331 0.709558 -0.014881
l_twist_12_inner_helper
716
0.102211 0.585311 0.120907 0.015003 -0.704331 0.709558 -0.014881
l_roll_05
145
0.106397 0.485613 0.030107 -0.015391 0.722813 -0.690721 0.01448
l_roll_05_inner_helper
719
0.106510 0.483346 0.080056 -0.015391 0.722813 -0.690721 0.01448
l_roll_05_outer_helper
719
0.106240 0.488786 -0.039821 -0.015391 0.722813 -0.690721 0.01448
r_knee_helper
149
-0.106572 0.481487 0.030138 0.014069 0.671403 0.740791 0.015768
r_ankle_helper
722
-0.123538 0.079999 -0.009450 0 0.707107 0.707107 0
r_twist_13
722
-0.112171 0.348996 0.017074 0.014069 0.671403 0.740791 0.015768
r_twist_13_offset
724
-0.112171 0.348996 0.017074 0.014069 0.671403 0.740791 0.015768
r_twist_14
722
-0.117769 0.216505 0.004010 0.014069 0.671403 0.740791 0.015768
r_twist_14_offset
726
-0.117769 0.216505 0.004010 0.014069 0.671403 0.740791 0.015768
r_twist_15
722
-0.123199 0.088029 -0.008658 0.014069 0.671403 0.740791 0.015768
r_twist_15_offset
728
-0.123199 0.088029 -0.008658 0.014069 0.671403 0.740791 0.015768
r_twist_16
729
-0.123199 0.088029 -0.008658 0.014069 0.671403 0.740791 0.015768
r_ankle_inner_helper
730
-0.123423 0.083101 0.041416 0.007037 0.689501 0.724207 0.007887
r_ankle_outer_helper
730
-0.123027 0.091789 -0.046874 0.007037 0.689501 0.724207 0.007887
r_roll_06
722
-0.123368 0.084014 -0.009054 0.007037 0.689501 0.724207 0.007887
r_knee_inner_helper
722
-0.108086 0.445217 -0.028768 0.014069 0.671403 0.740791 0.015768
r_twist_09_offset
150
-0.089471 0.885824 0.027148 0.014881 0.709558 0.704331 0.015003
r_twist_10_offset
151
-0.093485 0.790929 0.027850 0.014881 0.709558 0.704331 0.015003
r_twist_11_offset
152
-0.097847 0.687781 0.028612 0.014881 0.709558 0.704331 0.015003
r_twist_12
149
-0.102209 0.584634 0.029375 0.014881 0.709558 0.704331 0.015003
r_twist_12_offset
738
-0.102209 0.584634 0.029375 0.014881 0.709558 0.704331 0.015003
r_twist_12_inner_helper
739
-0.102211 0.585311 0.120907 0.014881 0.709558 0.704331 0.015003
r_twist_12_outer_helper
739
-0.102208 0.584136 -0.038004 0.014881 0.709558 0.704331 0.015003
r_roll_05
149
-0.106397 0.485613 0.030107 0.01448 0.690721 0.722813 0.015391
r_roll_05_inner_helper
742
-0.106510 0.483346 0.080056 0.01448 0.690721 0.722813 0.015391
r_roll_05_outer_helper
742
-0.106240 0.488786 -0.039821 0.01448 0.690721 0.722813 0.015391
r_pant_holster_lift_helper
157
-0.072649 0.944626 -0.069317 -0.707107 0 0 0.707107
r_shirt_holster_lift_helper
157
-0.072649 0.944626 -0.069317 -0.707107 0 0 0.707107
r_pant_in_helper
160
-0.097964 0.865372 -0.082463 -0.707107 0 0 0.707107
r_pant_out_helper
160
-0.097964 0.865372 -0.082463 -0.707107 0 0 0.707107
l_jacket_01_space
144
0.078500 0.819473 0.146377 0 0 0 1
l_jacket_01_driven
749
0.078500 0.819473 0.146377 0 0 0 1
l_jacket_01
750
0.078500 0.819473 0.146377 0 0 0 1
l_jacket_02_space
144
0.189516 0.819473 0.073104 0 0 0 1
l_jacket_02_driven
752
0.189516 0.819473 0.073104 0 0 0 1
l_jacket_02
753
0.189516 0.819473 0.073104 0 0 0 1
l_jacket_03_space
144
0.189516 0.819473 -0.030520 0 0 0 1
l_jacket_03_driven
755
0.189516 0.819473 -0.030520 0 0 0 1
l_jacket_03
756
0.189516 0.819473 -0.030520 0 0 0 1
l_jacket_04_space
144
0.078500 0.819473 -0.103793 0 0 0 1
l_jacket_04_driven
758
0.078500 0.819473 -0.103794 0 0 0 1
l_jacket_04
759
0.078500 0.819473 -0.103794 0 0 0 1
r_jacket_01_space
144
-0.078500 0.819473 0.146377 0 0 0 1
r_jacket_01_driven
761
-0.078500 0.819473 0.146377 0 0 0 1
r_jacket_01
762
-0.078500 0.819473 0.146377 0 0 0 1
r_jacket_02_space
144
-0.189516 0.819473 0.073104 0 0 0 1
r_jacket_02_driven
764
-0.189516 0.819473 0.073104 0 0 0 1
r_jacket_02
765
-0.189516 0.819473 0.073104 0 0 0 1
r_jacket_03_space
144
-0.189516 0.819473 -0.030520 0 0 0 1
r_jacket_03_driven
767
-0.189516 0.819473 -0.030520 0 0 0 1
r_jacket_03
768
-0.189516 0.819473 -0.030520 0 0 0 1
r_jacket_04_space
144
-0.078500 0.819473 -0.103793 0 0 0 1
r_jacket_04_driven
770
-0.078500 0.819473 -0.103793 0 0 0 1
r_jacket_04
771
-0.078500 0.819473 -0.103793 0 0 0 1
m_roll_01
176
0.000000 1.510932 0.032869 -0.707107 0 0 0.707107
m_roll_offset_01
773
0.000000 1.452076 0.073684 -0.707107 0 0 0.707107
neck_runtime_grp
176
0.000000 1.453382 0.019010 0 0 0 1
m_neck_0
775
0.000230 1.447872 0.076377 -0.117367 0.698365 -0.106452 0.697982
m_neck_1
775
0.003733 1.420899 0.057354 0.800751 0.098848 -0.041775 0.589306
m_neck_2
775
0.005768 1.394268 0.047838 -0.54155 0.418757 0.558619 -0.468306
m_neck_3
775
-0.003233 1.468994 -0.026315 -0.476509 0.557216 -0.467449 0.493903
m_neck_4
775
-0.005294 1.426178 -0.040065 -0.362976 0.639845 -0.347843 0.58125
m_neck_5
775
0.003339 1.439510 0.065436 0.889056 0.04901 0.001502 0.455166
r_neck_0
775
-0.022339 1.451729 0.066830 -0.211773 -0.009854 -0.288748 0.933638
r_neck_1
775
-0.019147 1.401047 0.047288 0.145446 0.7281 -0.668602 -0.041083
r_neck_2
775
-0.027036 1.432751 0.047614 -0.64209 -0.493301 0.187179 0.556182
r_neck_3
775
-0.042289 1.426315 0.038756 0.731409 -0.460505 0.047733 0.500697
r_neck_4
775
-0.052747 1.482067 0.036009 -0.007101 0.028924 0.790992 0.611101
r_neck_5
775
-0.047622 1.451889 0.033401 0.731005 -0.606767 0.029378 0.310811
r_neck_6
775
-0.051509 1.425324 0.016659 0.189168 0.241546 -0.719667 0.622856
r_neck_7
775
-0.041340 1.487072 -0.001837 0.364425 0.695211 0.552074 -0.281229
r_neck_8
775
-0.036543 1.444008 -0.020232 -0.16615 -0.418817 0.517295 0.727594
r_neck_9
775
-0.036022 1.455986 0.051017 -0.217023 0.01804 -0.425097 0.878561
l_neck_0
775
0.024484 1.452186 0.067362 0.026856 0.169642 0.939159 -0.297458
l_neck_1
775
0.030381 1.399059 0.044166 -0.614761 0.550365 -0.244747 0.509183
l_neck_2
775
0.029031 1.432858 0.046767 0.468296 0.64619 0.565715 0.207614
l_neck_3
775
0.039576 1.421707 0.041044 -0.091784 -0.490629 0.68232 0.534133
l_neck_4
775
0.053122 1.482182 0.034889 -0.050743 0.01217 0.611934 0.789186
l_neck_5
775
0.048008 1.450699 0.033152 -0.604243 0.727177 -0.324091 -0.032702
l_neck_6
775
0.051026 1.425179 0.017700 0.255272 0.199167 -0.630935 0.705046
l_neck_7
775
0.043314 1.486801 0.000280 -0.694707 -0.334206 -0.296196 0.563876
l_neck_8
775
0.043632 1.447319 -0.007878 0.750147 -0.582685 -0.312593 0.006588
l_neck_9
775
0.041885 1.461956 0.047287 -0.460172 0.867595 -0.185737 0.031983
m_twist_06
181
0.000000 1.453382 0.019010 -0.618823 0 0 0.78553
m_twist_07
181
0.000000 1.510932 0.032869 -0.707107 0 0 0.707107
l_elbow_helper
184
0.306375 1.107098 -0.016031 0.231686 0.454765 -0.398813 0.761879
l_elbow_offset_helper
804
0.306375 1.107098 -0.016031 0.231686 0.454765 -0.398813 0.761879
l_twist_05
805
0.338407 1.061980 0.014164 0.231686 0.454765 -0.398813 0.761879
l_twist_05_offset
806
0.338407 1.061980 0.014164 0.231686 0.454765 -0.398813 0.761879
l_twist_06
805
0.370438 1.016861 0.044359 0.231686 0.454765 -0.398813 0.761879
l_twist_06_offset
808
0.370438 1.016861 0.044359 0.231686 0.454765 -0.398813 0.761879
l_twist_07
805
0.402470 0.971743 0.074554 0.231686 0.454765 -0.398813 0.761879
l_wrist_upper_a_helper
810
0.454907 0.932353 0.108396 0.228247 0.41823 -0.405373 0.780166
l_wrist_lower_helper
810
0.416942 0.906394 0.108532 0.228247 0.41823 -0.405373 0.780166
l_twist_07_offset
810
0.402470 0.971743 0.074554 0.231686 0.454765 -0.398813 0.761879
l_twist_08
805
0.431939 0.930234 0.102334 0.231686 0.454765 -0.398813 0.761879
l_twist_08_offset
814
0.431939 0.930234 0.102334 0.231686 0.454765 -0.398813 0.761879
l_roll_03
805
0.433220 0.928429 0.103542 0.240369 0.446562 -0.403457 0.761595
l_wrist_helper
804
0.434502 0.926623 0.104751 0.249013 0.438287 -0.408034 0.761187
l_index_meta_helper
817
0.442523 0.913143 0.129531 0.211632 0.400617 -0.359066 0.815959
l_indexa_helper
818
0.472727 0.875038 0.165009 0.299671 0.401639 -0.435631 0.747736
l_indexb_helper
819
0.487339 0.840693 0.186430 0.435127 0.312412 -0.503475 0.677921
l_finger_roll_02
820
0.487051 0.822779 0.194870 0.51355 0.24955 -0.537413 0.620628
l_indexc_outer_helper
821
0.490839 0.822348 0.196385 0.51355 0.24955 -0.537413 0.620628
l_indexc_inner_helper
821
0.481188 0.823447 0.192525 0.51355 0.24955 -0.537413 0.620628
l_indexb_inner_lower_helper
820
0.479584 0.829562 0.190698 0.435127 0.312412 -0.503475 0.677921
l_finger_roll_01
819
0.487339 0.840693 0.186430 0.435127 0.312412 -0.503475 0.677921
l_indexb_outer_helper
825
0.492506 0.841312 0.187921 0.435127 0.312412 -0.503475 0.677921
l_indexb_inner_helper
825
0.478003 0.839575 0.183737 0.435127 0.312412 -0.503475 0.677921
l_indexa_inner_lower_helper
819
0.473312 0.848284 0.177964 0.299671 0.401639 -0.435631 0.747736
l_finger_roll_00
818
0.472727 0.875038 0.165009 0.256237 0.402048 -0.398259 0.783639
l_indexa_inner_helper
829
0.460520 0.866930 0.163813 0.256237 0.402048 -0.398259 0.783639
l_indexa_outer_helper
829
0.478803 0.879075 0.165605 0.256237 0.402048 -0.398259 0.783639
l_indexmeta_inner_helper
818
0.449800 0.884239 0.148271 0.211632 0.400617 -0.359066 0.815959
l_indexmeta_outer_helper
818
0.466244 0.896280 0.150644 0.211632 0.400617 -0.359066 0.815959
l_middle_meta_helper
817
0.446247 0.911544 0.119044 0.209561 0.48305 -0.368952 0.765913
l_middlea_helper
834
0.482958 0.869054 0.146985 0.304983 0.465827 -0.441764 0.703445
l_middleb_helper
835
0.501224 0.829265 0.164970 0.445458 0.36305 -0.529477 0.624033
l_finger_roll_05
836
0.500678 0.801682 0.174929 0.49424 0.319255 -0.55698 0.586154
l_middlec_outer_helper
837
0.505820 0.801103 0.176117 0.49424 0.319255 -0.55698 0.586154
l_middlec_inner_helper
837
0.495188 0.802300 0.173660 0.49424 0.319255 -0.55698 0.586154
l_middleb_inner_lower_helper
836
0.494500 0.812532 0.169797 0.445458 0.36305 -0.529477 0.624033
l_finger_roll_04
835
0.501224 0.829265 0.164970 0.445458 0.36305 -0.529477 0.624033
l_middleb_outer_helper
841
0.508263 0.829568 0.166197 0.445458 0.36305 -0.529477 0.624033
l_middleb_inner_helper
841
0.491517 0.828846 0.163279 0.445458 0.36305 -0.529477 0.624033
l_middlea_inner_lower_helper
835
0.486952 0.839265 0.158611 0.304983 0.465827 -0.441764 0.703445
l_finger_roll_03
834
0.482958 0.869054 0.146985 0.257873 0.475546 -0.406304 0.736394
l_middlea_outer_helper
845
0.490991 0.874165 0.146922 0.257873 0.475546 -0.406304 0.736394
l_middlea_inner_helper
845
0.470910 0.861387 0.147080 0.257873 0.475546 -0.406304 0.736394
l_middlemeta_inner_helper
834
0.455017 0.881881 0.133630 0.209561 0.48305 -0.368952 0.765913
l_middlemeta_outer_helper
834
0.474262 0.894791 0.134012 0.209561 0.48305 -0.368952 0.765913
l_ring_meta_helper
817
0.452870 0.908240 0.107556 0.170783 0.525073 -0.472856 0.686687
l_ringa_helper
850
0.486269 0.864605 0.130847 0.329219 0.500181 -0.451801 0.661294
l_ringb_helper
851
0.502183 0.825814 0.143213 0.455354 0.399223 -0.543071 0.581677
l_finger_roll_08
852
0.501400 0.800767 0.150143 0.480724 0.374724 -0.560256 0.560892
l_ringc_outer_helper
853
0.505632 0.800382 0.150654 0.480724 0.374724 -0.560256 0.560892
l_ringc_inner_helper
853
0.495143 0.801336 0.149388 0.480724 0.374724 -0.560256 0.560892
l_ringb_inner_lower_helper
852
0.495216 0.809948 0.146986 0.455354 0.399223 -0.543071 0.581677
l_finger_roll_07
851
0.502183 0.825814 0.143213 0.459338 0.395484 -0.5458 0.578536
l_ringb_outer_helper
857
0.508316 0.825704 0.143828 0.459338 0.395484 -0.5458 0.578536
l_ringb_inner_helper
857
0.493653 0.825966 0.142357 0.459338 0.395484 -0.5458 0.578536
l_ringa_inner_lower_helper
851
0.489776 0.834984 0.139466 0.329219 0.500181 -0.451801 0.661294
l_finger_roll_06
850
0.486269 0.864605 0.130848 0.250843 0.514354 -0.463886 0.676261
l_ringa_outer_helper
861
0.493166 0.868062 0.129773 0.250843 0.514354 -0.463886 0.676261
l_ringa_inner_helper
861
0.472545 0.857727 0.132985 0.250843 0.514354 -0.463886 0.676261
l_ringmeta_inner_helper
850
0.458832 0.880941 0.122104 0.170783 0.525073 -0.472856 0.686687
l_ringmeta_outer_helper
850
0.476463 0.890996 0.116777 0.170783 0.525073 -0.472856 0.686687
l_pinky_meta_helper
817
0.449464 0.900547 0.097224 0.213729 0.549897 -0.446021 0.673052
l_pinkya_helper
866
0.479316 0.858274 0.113729 0.364125 0.541706 -0.469201 0.594827
l_pinkyb_helper
867
0.489874 0.825441 0.118888 0.449188 0.465239 -0.545112 0.533513
l_finger_roll_11
868
0.489988 0.808670 0.121669 -0.4873 -0.423784 0.577929 -0.498944
l_pinkyc_inner_helper
869
0.484470 0.809467 0.121689 -0.4873 -0.423784 0.577929 -0.498944
l_pinkyc_outer_helper
869
0.495679 0.807848 0.121648 -0.4873 -0.423784 0.577929 -0.498944
l_pinkyb_inner_lower_helper
868
0.482920 0.819253 0.118957 0.449188 0.465239 -0.545112 0.533513
l_finger_roll_10
867
0.489874 0.825441 0.118888 0.449188 0.465239 -0.545112 0.533513
l_pinkyb_inner_helper
873
0.482171 0.825424 0.119103 0.449188 0.465239 -0.545112 0.533513
l_pinkyb_outer_helper
873
0.494582 0.825451 0.118757 0.449188 0.465239 -0.545112 0.533513
l_pinkya_inner_lower_helper
867
0.479473 0.835149 0.117564 0.364125 0.541706 -0.469201 0.594827
l_finger_roll_09
866
0.479316 0.858274 0.113729 0.289993 0.547814 -0.459299 0.636277
l_pinkya_inner_helper
877
0.469617 0.853868 0.115172 0.289993 0.547814 -0.459299 0.636277
l_pinkya_outer_helper
877
0.487409 0.861951 0.112526 0.289993 0.547814 -0.459299 0.636277
l_pinkymeta_inner_helper
866
0.460405 0.869823 0.109250 0.213729 0.549897 -0.446021 0.673052
l_thumba_helper
817
0.429280 0.911250 0.135187 0.286237 -0.050257 0.130388 0.947915
l_thumbb_helper
881
0.428523 0.890854 0.165688 0.398036 -0.03423 0.135482 0.906665
l_finger_roll_13
882
0.429734 0.871526 0.183687 0.452934 -0.02585 0.137327 0.880525
l_thumbc_outer_helper
883
0.427558 0.876054 0.190172 0.452934 -0.02585 0.137327 0.880525
l_thumbc_inner_helper
883
0.431863 0.867096 0.177343 0.452934 -0.02585 0.137327 0.880525
l_thumbb_inner_lower_helper
882
0.431507 0.874759 0.169503 0.398036 -0.03423 0.135482 0.906665
l_finger_roll_12
881
0.428523 0.890854 0.165688 0.342757 -0.04232 0.133176 0.928973
l_thumbb_inner_helper
887
0.431527 0.882927 0.158891 0.342757 -0.04232 0.133176 0.928973
l_thumbb_outer_helper
887
0.426261 0.896825 0.170807 0.342757 -0.04232 0.133176 0.928973
l_thumba_inner_lower_helper
881
0.433059 0.889492 0.141787 0.286237 -0.050257 0.130388 0.947915
l_finger_roll_14
881
0.429280 0.911250 0.135187 0.286237 -0.050257 0.130388 0.947915
l_thumba_outer_helper
891
0.425943 0.920952 0.141592 0.286237 -0.050257 0.130388 0.947915
l_thumba_inner_helper
891
0.434282 0.896711 0.125589 0.286237 -0.050257 0.130388 0.947915
l_wrist_upper_b_helper
817
0.466364 0.919670 0.118321 0.228247 0.41823 -0.405373 0.780166
l_elbow_inner_helper
804
0.298216 1.119354 0.021503 0.278527 0.517719 -0.374404 0.717086
l_elbow_outer_lower_helper
804
0.341050 1.056664 -0.032885 0.278527 0.517719 -0.374404 0.717086
l_elbow_up_helper
804
0.326836 1.121462 -0.016274 0.278527 0.517719 -0.374404 0.717086
l_elbow_down_helper
804
0.269547 1.081244 -0.015595 0.278527 0.517719 -0.374404 0.717086
l_twist_02
184
0.188132 1.275700 -0.006182 0.330853 0.643757 -0.321351 0.610612
l_twist_02_offset
899
0.188132 1.275700 -0.006182 0.330853 0.643757 -0.321351 0.610612
l_twist_03
184
0.234645 1.209378 -0.010056 0.330853 0.643757 -0.321351 0.610612
l_twist_03_offset
901
0.234645 1.209378 -0.010056 0.330853 0.643757 -0.321351 0.610612
l_tricep_helper
902
0.219806 1.246506 -0.045328 0.310112 0.621445 -0.353634 0.626562
l_twist_04
184
0.277576 1.148163 -0.013632 0.330853 0.643757 -0.321351 0.610612
l_twist_04_offset
904
0.277576 1.148163 -0.013632 0.330853 0.643757 -0.321351 0.610612
l_bicep_helper
905
0.261212 1.172173 0.027801 0.309423 0.621788 -0.354329 0.626169
l_lower_tricep_helper
905
0.293416 1.125083 -0.044230 0.309423 0.621788 -0.354329 0.626169
l_roll_02
184
0.304235 1.109345 -0.015641 0.283924 0.554444 -0.36348 0.692721
l_elbow_outer_upper_helper
184
0.288176 1.133794 -0.047934 0.30885 0.622073 -0.354906 0.625843
l_roll_01
183
0.147478 1.331859 -0.002695 0.176341 0.721615 -0.172566 0.646836
r_elbow_helper
199
-0.306375 1.107098 -0.016031 0.761879 0.398813 0.454765 -0.231686
r_elbow_offset_helper
911
-0.306375 1.107098 -0.016031 0.761879 0.398813 0.454765 -0.231686
r_twist_05
912
-0.338407 1.061979 0.014164 0.761879 0.398813 0.454765 -0.231686
r_twist_05_offset
913
-0.338407 1.061979 0.014164 0.761879 0.398813 0.454765 -0.231686
r_twist_06
912
-0.370439 1.016861 0.044360 0.761879 0.398813 0.454765 -0.231686
r_twist_06_offset
915
-0.370439 1.016861 0.044360 0.761879 0.398813 0.454765 -0.231686
r_twist_07
912
-0.402471 0.971742 0.074555 0.761879 0.398813 0.454765 -0.231686
r_wrist_upper_a_helper
917
-0.454908 0.932352 0.108396 0.780166 0.405373 0.41823 -0.228247
r_wrist_lower_helper
917
-0.416943 0.906393 0.108533 0.780166 0.405373 0.41823 -0.228247
r_twist_07_offset
917
-0.402471 0.971742 0.074555 0.759828 0.402767 0.451267 -0.238326
r_twist_08
912
-0.431940 0.930233 0.102335 0.761879 0.398813 0.454765 -0.231686
r_twist_08_offset
921
-0.431940 0.930233 0.102335 0.761879 0.398813 0.454765 -0.231686
r_roll_03
912
-0.433221 0.928428 0.103543 0.761595 0.403457 0.446562 -0.240369
r_wrist_helper
911
-0.434502 0.926623 0.104751 0.761187 0.408034 0.438287 -0.249013
r_index_meta_helper
924
-0.442523 0.913143 0.129531 0.815959 0.359066 0.400617 -0.211632
r_indexa_helper
925
-0.472726 0.875039 0.165010 0.747736 0.435631 0.401639 -0.299671
r_indexb_helper
926
-0.487339 0.840694 0.186431 0.677921 0.503475 0.312412 -0.435127
r_finger_roll_02
927
-0.487050 0.822779 0.194870 -0.620628 -0.537413 -0.24955 0.51355
r_indexc_outer_helper
928
-0.490839 0.822351 0.196385 -0.620628 -0.537413 -0.24955 0.51355
r_indexc_inner_helper
928
-0.481187 0.823447 0.192526 -0.620628 -0.537413 -0.24955 0.51355
r_indexb_inner_lower_helper
927
-0.480005 0.828981 0.189479 0.677921 0.503475 0.312412 -0.435127
r_finger_roll_01
926
-0.487339 0.840694 0.186431 0.677921 0.503475 0.312412 -0.435127
r_indexb_outer_helper
932
-0.492505 0.841313 0.187922 0.677921 0.503475 0.312412 -0.435127
r_indexb_inner_helper
932
-0.478002 0.839575 0.183738 0.677921 0.503475 0.312412 -0.435127
r_indexa_inner_lower_helper
926
-0.473312 0.848284 0.177965 0.747736 0.435631 0.401639 -0.299671
r_finger_roll_00
925
-0.472726 0.875039 0.165009 0.783639 0.398259 0.402048 -0.256237
r_indexa_inner_helper
936
-0.460520 0.866929 0.163810 0.783639 0.398259 0.402048 -0.256237
r_indexa_outer_helper
936
-0.478803 0.879073 0.165602 0.783639 0.398259 0.402048 -0.256237
r_indexmeta_inner_helper
925
-0.449799 0.884239 0.148271 0.815959 0.359066 0.400617 -0.211632
r_indexmeta_outer_helper
925
-0.466243 0.896280 0.150644 0.815959 0.359066 0.400617 -0.211632
r_middle_meta_helper
924
-0.446247 0.911544 0.119044 0.765913 0.368952 0.48305 -0.209561
r_middlea_helper
941
-0.482958 0.869054 0.146986 0.703445 0.441764 0.465827 -0.304983
r_middleb_helper
942
-0.501223 0.829266 0.164971 0.624033 0.529477 0.36305 -0.445458
r_finger_roll_05
943
-0.500678 0.801682 0.174929 0.586154 0.55698 0.319255 -0.49424
r_middlec_outer_helper
944
-0.505819 0.801104 0.176117 0.586154 0.55698 0.319255 -0.49424
r_middlec_inner_helper
944
-0.495188 0.802301 0.173661 0.586154 0.55698 0.319255 -0.49424
r_middleb_inner_lower_helper
943
-0.494500 0.812533 0.169798 0.624033 0.529477 0.36305 -0.445458
r_finger_roll_04
942
-0.501223 0.829266 0.164971 0.624033 0.529477 0.36305 -0.445458
r_middleb_outer_helper
948
-0.508263 0.829569 0.166197 0.624033 0.529477 0.36305 -0.445458
r_middleb_inner_helper
948
-0.491517 0.828847 0.163279 0.624033 0.529477 0.36305 -0.445458
r_middlea_inner_lower_helper
942
-0.486951 0.839266 0.158611 0.703445 0.441764 0.465827 -0.304983
r_finger_roll_03
941
-0.482958 0.869054 0.146986 0.736394 0.406304 0.475546 -0.257873
r_middlea_outer_helper
952
-0.490991 0.874165 0.146923 0.736394 0.406304 0.475546 -0.257873
r_middlea_inner_helper
952
-0.470910 0.861387 0.147081 0.736394 0.406304 0.475546 -0.257873
r_middlemeta_inner_helper
941
-0.455017 0.881881 0.133631 0.765913 0.368952 0.48305 -0.209561
r_middlemeta_outer_helper
941
-0.474262 0.894791 0.134013 0.765913 0.368952 0.48305 -0.209561
r_ring_meta_helper
924
-0.452870 0.908240 0.107556 0.686687 0.472856 0.525073 -0.170783
r_ringa_helper
957
-0.486269 0.864606 0.130847 0.661294 0.451801 0.500181 -0.329219
r_ringb_helper
958
-0.502183 0.825814 0.143213 0.581677 0.543071 0.399223 -0.455354
r_finger_roll_08
959
-0.501399 0.800767 0.150143 0.560892 0.560256 0.374724 -0.480724
r_ringc_outer_helper
960
-0.505631 0.800384 0.150654 0.560892 0.560256 0.374724 -0.480724
r_ringc_inner_helper
960
-0.495142 0.801337 0.149389 0.560892 0.560256 0.374724 -0.480724
r_ringb_inner_lower_helper
959
-0.495216 0.809948 0.146986 0.581677 0.543071 0.399223 -0.455354
r_finger_roll_07
958
-0.502183 0.825814 0.143213 0.578536 0.5458 0.395484 -0.459338
r_ringb_outer_helper
964
-0.508315 0.825705 0.143829 0.578536 0.5458 0.395484 -0.459338
r_ringb_inner_helper
964
-0.493652 0.825967 0.142358 0.578536 0.5458 0.395484 -0.459338
r_ringa_inner_lower_helper
958
-0.489775 0.834984 0.139466 0.661294 0.451801 0.500181 -0.329219
r_finger_roll_06
957
-0.486269 0.864606 0.130847 0.676261 0.463886 0.514354 -0.250843
r_ringa_outer_helper
968
-0.493165 0.868062 0.129774 0.676261 0.463886 0.514354 -0.250843
r_ringa_inner_helper
968
-0.472544 0.857728 0.132986 0.676261 0.463886 0.514354 -0.250843
r_ringmeta_inner_helper
957
-0.458832 0.880942 0.122104 0.686687 0.472856 0.525073 -0.170783
r_ringmeta_outer_helper
957
-0.476463 0.890996 0.116777 0.686687 0.472856 0.525073 -0.170783
r_pinky_meta_helper
924
-0.449464 0.900547 0.097224 0.673052 0.446021 0.549897 -0.213729
r_pinkya_helper
973
-0.479316 0.858275 0.113729 0.594827 0.469201 0.541706 -0.364125
r_pinkyb_helper
974
-0.489873 0.825441 0.118888 0.533513 0.545112 0.465239 -0.449188
r_finger_roll_11
975
-0.489987 0.808671 0.121669 0.498944 0.577929 0.423784 -0.4873
r_pinkyc_inner_helper
976
-0.484470 0.809467 0.121689 0.498944 0.577929 0.423784 -0.4873
r_pinkyc_outer_helper
976
-0.495679 0.807850 0.121649 0.498944 0.577929 0.423784 -0.4873
r_pinkyb_inner_lower_helper
975
-0.482951 0.819439 0.120076 0.533513 0.545112 0.465239 -0.449188
r_finger_roll_10
974
-0.489873 0.825441 0.118888 0.533513 0.545112 0.465239 -0.449188
r_pinkyb_inner_helper
980
-0.482170 0.825425 0.119103 0.533513 0.545112 0.465239 -0.449188
r_pinkyb_outer_helper
980
-0.494582 0.825452 0.118757 0.533513 0.545112 0.465239 -0.449188
r_pinkya_inner_lower_helper
974
-0.479472 0.835150 0.117564 0.594827 0.469201 0.541706 -0.364125
r_finger_roll_09
973
-0.479316 0.858275 0.113730 0.636277 0.459299 0.547814 -0.289993
r_pinkya_inner_helper
984
-0.469617 0.853872 0.115183 0.636277 0.459299 0.547814 -0.289993
r_pinkya_outer_helper
984
-0.487409 0.861955 0.112536 0.636277 0.459299 0.547814 -0.289993
r_pinkymeta_inner_helper
973
-0.460405 0.869824 0.109251 0.673052 0.446021 0.549897 -0.213729
r_thumba_helper
924
-0.429280 0.911251 0.135187 0.947915 -0.130388 -0.050257 -0.286237
r_thumbb_helper
988
-0.428523 0.890854 0.165688 0.906665 -0.135482 -0.03423 -0.398036
r_finger_roll_13
989
-0.429779 0.870806 0.184358 0.880525 -0.137327 -0.02585 -0.452934
r_thumbc_outer_helper
990
-0.427527 0.876123 0.190267 0.880525 -0.137327 -0.02585 -0.452934
r_thumbc_inner_helper
990
-0.431908 0.866376 0.178014 0.880525 -0.137327 -0.02585 -0.452934
r_thumbb_inner_lower_helper
989
-0.431507 0.874759 0.169503 0.906665 -0.135482 -0.03423 -0.398036
r_finger_roll_12
988
-0.428523 0.890854 0.165688 0.928973 -0.133176 -0.04232 -0.342757
r_thumbb_inner_helper
994
-0.431527 0.882927 0.158891 0.928973 -0.133176 -0.04232 -0.342757
r_thumbb_outer_helper
994
-0.426261 0.896825 0.170808 0.928973 -0.133176 -0.04232 -0.342757
r_finger_roll_14
988
-0.429280 0.911251 0.135187 0.947915 -0.130388 -0.050257 -0.286237
r_thumba_inner_helper
997
-0.434282 0.896712 0.125589 0.947915 -0.130388 -0.050257 -0.286237
r_thumba_outer_helper
997
-0.425943 0.920953 0.141592 0.947915 -0.130388 -0.050257 -0.286237
r_thumba_inner_lower_helper
988
-0.433059 0.889493 0.141788 0.947915 -0.130388 -0.050257 -0.286237
r_wrist_upper_b_helper
924
-0.466363 0.919670 0.118321 0.780166 0.405373 0.41823 -0.228247
r_elbow_inner_helper
911
-0.298216 1.119354 0.021503 0.717086 0.374404 0.517719 -0.278527
r_elbow_outer_lower_helper
911
-0.341050 1.056664 -0.032885 0.717086 0.374404 0.517719 -0.278527
r_elbow_up_helper
911
-0.326836 1.121462 -0.016274 0.717086 0.374404 0.517719 -0.278527
r_elbow_down_helper
911
-0.269547 1.081244 -0.015595 0.717086 0.374404 0.517719 -0.278527
r_twist_02
199
-0.188180 1.275631 -0.006186 0.610612 0.321351 0.643757 -0.330853
r_twist_02_offset
1006
-0.188180 1.275631 -0.006186 0.610612 0.321351 0.643757 -0.330853
r_twist_03
199
-0.234645 1.209378 -0.010056 0.610612 0.321351 0.643757 -0.330853
r_twist_03_offset
1008
-0.234645 1.209378 -0.010056 0.610612 0.321351 0.643757 -0.330853
r_tricep_helper
1009
-0.219806 1.246510 -0.045328 0.626562 0.353634 0.621445 -0.310112
r_twist_04
199
-0.277576 1.148163 -0.013632 0.610612 0.321351 0.643757 -0.330853
r_twist_04_offset
1011
-0.277576 1.148163 -0.013632 0.610612 0.321351 0.643757 -0.330853
r_bicep_helper
1012
-0.261212 1.172173 0.027801 0.626169 0.354329 0.621788 -0.309423
r_lower_tricep_helper
1012
-0.293416 1.125083 -0.044230 0.626169 0.354329 0.621788 -0.309423
r_roll_02
199
-0.304800 1.109345 -0.015900 0.692721 0.36348 0.554444 -0.283924
r_elbow_outer_upper_helper
199
-0.288176 1.133794 -0.047934 0.625843 0.354906 0.622073 -0.30885
r_roll_01
198
-0.147478 1.331859 -0.002695 0.646836 0.172566 0.721615 -0.176341
backpack_r_pocket_01_space
235
-0.132140 1.088230 -0.107070 0 0 0 1
backpack_r_pocket_01
1018
-0.132140 1.088230 -0.107070 0 0 0 1
backpack_r_up_belt_01_space
235
-0.145617 1.100579 -0.205609 0 0 0 1
backpack_r_up_belt_01
1020
-0.145617 1.100579 -0.205609 0 0 0 1
backpack_r_up_belt_02_space
235
-0.156662 1.124775 -0.171629 0 0 0 1
backpack_r_up_belt_02
1022
-0.156662 1.124775 -0.171629 0 0 0 1
backpack_r_up_belt_03_space
235
-0.155201 1.155419 -0.140652 0 0 0 1
backpack_r_up_belt_03
1024
-0.155201 1.155419 -0.140652 0 0 0 1
backpack_r_dn_belt_01_space
235
-0.147152 0.967349 -0.191205 0 0 0 1
backpack_r_dn_belt_01
1026
-0.147152 0.967349 -0.191205 0 0 0 1
backpack_r_dn_belt_02_space
235
-0.154193 0.979733 -0.161894 0 0 0 1
backpack_r_dn_belt_02
1028
-0.154193 0.979733 -0.161894 0 0 0 1
backpack_r_dn_belt_03_space
235
-0.162121 0.996666 -0.136701 0 0 0 1
backpack_r_dn_belt_03
1030
-0.162121 0.996666 -0.136701 0 0 0 1
backpack_r_dn_belt_04_space
235
-0.134862 1.018425 -0.111946 0 0 0 1
backpack_r_dn_belt_04
1032
-0.134862 1.018425 -0.111946 0 0 0 1
backpack_l_pocket_02_space
243
0.159407 1.071465 -0.120652 0 0 0 1
backpack_l_pocket_02
1034
0.159407 1.071465 -0.120652 0 0 0 1
backpack_l_pocket_01_space
243
0.143129 1.071617 -0.110529 0 0 0 1
backpack_l_pocket_01
1036
0.143129 1.071617 -0.110529 0 0 0 1
bow_string_helper_grp
143
0.161341 0.993734 -0.012867 0 0 0 1
bow_string_bot_27_space
1038
0.145092 1.440523 -0.052944 0.235935 -0.684783 -0.143306 0.674441
bow_string_bot_27
1039
0.145092 1.440523 -0.052944 0.863873 0.027548 0.05908 0.499474
bow_string_bot_30_space
1038
0.145754 1.434319 -0.042252 0.231612 -0.685182 -0.138846 0.676464
bow_string_bot_30
1041
0.145754 1.434319 -0.042252 0.863284 0.028069 0.058684 0.500509
bow_string_bot_33_space
1038
0.146447 1.428168 -0.031757 0.233605 -0.684139 -0.140037 0.676589
bow_string_bot_33
1043
0.146432 1.428168 -0.031757 0.864934 0.028589 0.058727 0.497618
bow_string_bot_36_space
1038
0.147182 1.421925 -0.021328 0.241668 -0.680722 -0.146538 0.675826
bow_string_bot_36
1045
0.147135 1.421926 -0.021328 0.867107 0.029214 0.058777 0.493779
bow_string_bot_39_space
1038
0.147949 1.415741 -0.011260 0.248483 -0.677789 -0.151755 0.675151
bow_string_bot_39
1047
0.147852 1.415741 -0.011260 0.870422 0.030236 0.058763 0.48785
bow_string_bot_42_space
1038
0.148779 1.409479 -0.001450 0.249071 -0.677579 -0.151156 0.675279
bow_string_bot_42
1049
0.148617 1.409479 -0.001450 0.875754 0.032054 0.058617 0.478112
bow_string_bot_45_space
1038
0.149668 1.403101 0.007840 0.26229 -0.673386 -0.16105 0.672174
bow_string_bot_45
1051
0.149427 1.403101 0.007840 0.888219 0.03366 0.059671 0.454283
bow_string_bot_48_space
1038
0.150633 1.395626 0.017340 0.285508 -0.667519 -0.181492 0.663298
bow_string_bot_48
1053
0.150290 1.395625 0.017340 0.903366 0.03373 0.061779 0.423056
bow_string_bot_51_space
1038
0.151589 1.387228 0.026694 0.307528 -0.662123 -0.202133 0.652811
bow_string_bot_51
1055
0.151122 1.387229 0.026694 0.91689 0.032784 0.063962 0.392615
bow_string_bot_54_space
1038
0.152497 1.377860 0.035766 0.330321 -0.655829 -0.224565 0.640583
bow_string_bot_54
1057
0.151883 1.377860 0.035766 0.928965 0.031392 0.065926 0.362894
bow_string_bot_60_space
1038
0.154013 1.359051 0.051380 0.354358 -0.648342 -0.249163 0.6261
bow_string_bot_60
1059
0.154013 1.359051 0.051380 0.963069 0.034045 0.065686 0.258889
bow_string_top_63
1059
0.154013 1.359051 0.051380 0.963069 0.034045 0.065686 0.258889
bow_string_top_57_space
1038
0.157982 1.314853 0.073739 0.42669 -0.610666 -0.316428 0.587278
bow_string_top_57
1062
0.157981 1.314853 0.073739 0.984889 0.035623 0.06734 0.155533
bow_string_top_54_space
1038
0.160135 1.285650 0.082780 0.47269 -0.581169 -0.36758 0.551083
bow_string_top_54
1064
0.160135 1.285649 0.082780 0.995893 0.035893 0.065621 0.051026
bow_string_top_51_space
1038
0.162306 1.249999 0.085079 -0.532082 0.53304 0.43497 -0.493517
bow_string_top_51
1066
0.162306 1.249999 0.085079 0.996254 0.036749 0.062935 -0.046549
bow_string_top_48_space
1038
0.164506 1.206497 0.079737 0.573621 -0.490267 -0.484432 0.442632
bow_string_top_48
1068
0.164506 1.206497 0.079737 0.99299 0.036608 0.061387 -0.094142
bow_string_top_45_space
1038
0.167864 1.156146 0.068845 0.59831 -0.459641 -0.500889 0.424106
bow_string_top_45
1070
0.167864 1.156146 0.068845 0.991208 0.03653 0.060751 -0.111723
bow_string_top_41_space
1038
0.171164 1.092600 0.051965 0.605583 -0.448306 -0.513447 0.410686
bow_string_top_41
1072
0.171164 1.092600 0.051965 0.990704 0.036614 0.060646 -0.116137
