224
root_hair_cloth
-1
0.000000 0.945494 0.009869 -0.707107 0 0 0.707107
l_brow_44_hair_cloth
0
0.008203 1.573654 0.132951 0.007261 -0.05817 0.99675 -0.055259
r_brow_44_hair_cloth
0
-0.008745 1.573584 0.132186 0.075795 0.016123 -0.732292 0.676568
l_cheek_0_hair_cloth
0
0.017150 1.535834 0.121875 0.333252 0.086857 0.868629 -0.356206
r_cheek_0_hair_cloth
0
-0.016291 1.535905 0.122025 -0.180992 0.314093 0.858033 -0.363822
l_cheek_11_hair_cloth
0
0.056482 1.533279 0.104581 -0.19543 0.347897 -0.286908 0.870895
l_cheek_30_hair_cloth
0
0.049903 1.476498 0.081474 0.2613 -0.590518 0.646302 -0.406576
r_cheek_30_hair_cloth
0
-0.048703 1.476392 0.080491 -0.59343 -0.228426 0.753433 -0.167334
r_cheek_15_hair_cloth
0
-0.044623 1.504074 0.106835 -0.128479 -0.394113 0.539502 0.732875
l_cheek_15_hair_cloth
0
0.045801 1.503636 0.108232 0.387141 -0.194245 0.893689 -0.117091
r_outerlips_17_hair_cloth
0
-0.031354 1.507463 0.118997 0.197664 -0.133437 -0.647029 0.724208
l_brow_13_hair_cloth
0
0.048360 1.585144 0.111466 0.399854 0.183945 0.8635 0.246271
r_brow_13_hair_cloth
0
-0.049123 1.584197 0.108890 0.171147 -0.408777 -0.418738 0.792634
l_brow_14_hair_cloth
0
0.048913 1.572262 0.114411 0.39744 -0.191764 0.747147 -0.497031
r_brow_14_hair_cloth
0
-0.049145 1.571578 0.112631 -0.440046 0.173281 0.862996 -0.177684
l_brow_22_hair_cloth
0
0.023880 1.600556 0.126503 0.064675 0.215975 0.653023 0.723002
r_brow_22_hair_cloth
0
-0.026461 1.599763 0.125264 -0.109279 -0.239554 0.061093 0.962777
l_brow_24_hair_cloth
0
0.028219 1.587875 0.127463 0.236601 0.119162 0.962219 0.062897
r_brow_24_hair_cloth
0
-0.029826 1.586899 0.126140 0.099172 -0.275777 -0.609243 0.736842
l_brow_26_hair_cloth
0
0.034886 1.575592 0.125296 0.238667 0.004203 0.966494 0.094394
r_brow_26_hair_cloth
0
-0.035724 1.574784 0.124146 0.17196 -0.206295 -0.60684 0.748076
l_brow_39_hair_cloth
0
0.021452 1.575089 0.130983 -0.039909 0.15502 -0.711859 0.683837
r_brow_39_hair_cloth
0
-0.022360 1.574563 0.129907 -0.150099 -0.090899 0.983295 -0.048348
l_brow_40_hair_cloth
0
0.010269 1.598281 0.130453 -0.106156 0.05067 -0.01189 0.992987
r_brow_40_hair_cloth
0
-0.012689 1.597884 0.129950 -0.105672 0.009562 0.722649 0.683023
l_brow_42_hair_cloth
0
0.008366 1.585115 0.132722 -0.048621 -0.028288 -0.70437 0.707601
r_brow_42_hair_cloth
0
-0.009807 1.584732 0.132242 -0.035205 0.057337 0.997067 -0.036471
l_outereye_16_hair_cloth
0
0.031448 1.567670 0.123008 0.148674 -0.286449 0.941364 0.098373
r_outereye_16_hair_cloth
0
-0.032160 1.567061 0.122371 0.303898 0.074602 -0.589958 0.744332
l_outereye_33_hair_cloth
0
0.047223 1.558916 0.110133 0.00028 0.36291 -0.66172 0.656066
l_outereye_34_hair_cloth
0
0.052472 1.553940 0.103369 0.096084 0.333784 0.010031 0.937686
r_outereye_34_hair_cloth
0
-0.051481 1.553263 0.101683 -0.175632 -0.363581 0.625236 0.667864
l_outereye_41_hair_cloth
0
0.045266 1.539368 0.111311 -0.258412 0.043326 -0.766192 0.586767
r_outereye_41_hair_cloth
0
-0.044560 1.539169 0.110452 -0.243737 0.154052 0.947993 -0.134798
l_outereye_49_hair_cloth
0
0.034990 1.537277 0.115987 -0.116517 0.091202 -0.181154 0.97226
l_outereye_4_hair_cloth
0
0.011144 1.553634 0.118667 0.85495 0.044149 0.474101 -0.205765
l_outereye_63_hair_cloth
0
0.043469 1.561418 0.114674 0.036211 -0.384219 0.855636 -0.344894
l_outereye_8_hair_cloth
0
0.019759 1.567113 0.126680 0.20885 -0.347711 0.911939 0.062016
r_outereye_8_hair_cloth
0
-0.020274 1.567000 0.125985 0.381174 0.133063 -0.573951 0.712447
m_brow_0_hair_cloth
0
-0.000987 1.597091 0.131288 -0.077783 0.004269 0.020525 0.99675
m_brow_4_hair_cloth
0
-0.000188 1.573195 0.132885 -0.030168 -0.042991 0.998446 0.018614
r_brow_11_hair_cloth
0
-0.045933 1.598709 0.109585 -0.394339 0.181228 0.886094 -0.162758
l_brow_11_hair_cloth
0
0.044342 1.599823 0.112177 -0.398322 0.109459 -0.744071 0.525088
r_brow_2_hair_cloth
0
-0.058481 1.556228 0.091782 -0.33096 -0.394823 0.502151 0.694569
l_brow_2_hair_cloth
0
0.059899 1.556793 0.094277 0.053305 0.503278 0.133932 0.852017
r_brow_5_hair_cloth
0
-0.059533 1.575547 0.091563 -0.550166 -0.153101 0.80503 0.160638
l_brow_5_hair_cloth
0
0.059898 1.576660 0.095096 -0.262461 0.446639 -0.414362 0.748286
r_nose_2_hair_cloth
0
-0.008103 1.558460 0.125624 0.230771 -0.363619 0.086919 0.898316
l_nose_2_hair_cloth
0
0.009151 1.558223 0.125984 0.430445 0.110837 0.583346 0.679808
r_outereye_24_hair_cloth
0
-0.042876 1.565135 0.117059 0.279379 -0.138727 -0.493555 0.811853
r_outereye_32_hair_cloth
0
-0.054267 1.563866 0.103099 -0.494509 -0.264859 0.765608 0.31489
l_outereye_32_hair_cloth
0
0.054770 1.564384 0.105258 -0.085665 0.478945 -0.360401 0.795854
r_outereye_37_hair_cloth
0
-0.047493 1.546571 0.106195 -0.357704 0.171447 0.905691 -0.14959
l_outereye_37_hair_cloth
0
0.048296 1.547013 0.107515 -0.343483 0.098141 -0.763553 0.537935
r_outereye_70_hair_cloth
0
-0.014846 1.561287 0.121772 0.459359 0.02205 -0.465219 0.756356
l_cheek_34_hair_cloth
0
0.036166 1.461705 0.082584 0.214376 -0.670668 0.676289 -0.216517
r_cheek_34_hair_cloth
0
-0.034818 1.461848 0.081709 -0.615289 -0.338871 0.625249 -0.340073
r_cheek_31_hair_cloth
0
-0.036796 1.472155 0.100616 0.446841 -0.224893 -0.436511 0.747807
l_cheek_31_hair_cloth
0
0.037567 1.472183 0.101353 0.461523 -0.140572 0.848349 0.218035
r_cheek_4_hair_cloth
0
-0.042968 1.531602 0.113581 -0.107137 -0.198355 0.266012 0.937238
l_twist_00_hair_cloth
0
0.083605 1.334337 0.007560 0.012415 0.76095 -0.014567 0.648529
r_twist_00_hair_cloth
0
-0.083605 1.334337 0.007560 0.648529 0.014567 0.760949 -0.012415
m_roll_01_hair_cloth
0
0.000000 1.510932 0.032869 -0.707107 0 0 0.707107
m_twist_06_hair_cloth
0
0.000000 1.453382 0.019010 -0.618823 0 0 0.78553
m_twist_07_hair_cloth
0
0.000000 1.510932 0.032869 -0.707107 0 0 0.707107
m_twist_05_hair_cloth
0
0.000000 1.401697 0.004499 -0.604029 0 0 0.796963
neck_hair_cloth
0
0.000000 1.401697 0.004499 -0.707107 0 0 0.707107
heada_hair_cloth
0
0.000000 1.453382 0.019010 -0.707107 0 0 0.707107
headb_hair_cloth
0
0.000000 1.510932 0.032869 -0.707107 0 0 0.707107
l_brow_0_hair_cloth
0
0.067201 1.566391 0.075721 0.5794 -0.086238 0.794511 -0.160036
r_brow_0_hair_cloth
0
-0.066324 1.565643 0.072067 -0.477965 0.309326 0.661993 -0.487476
l_brow_3_hair_cloth
0
0.061443 1.594680 0.089819 0.145978 0.530292 0.308666 0.77602
r_brow_3_hair_cloth
0
-0.061934 1.593247 0.085942 0.144486 -0.534266 -0.335439 0.762341
l_head_13_hair_cloth
0
0.072318 1.574616 0.048008 0.147089 0.65111 0.130295 0.733106
r_head_13_hair_cloth
0
-0.071012 1.574264 0.044202 -0.354968 -0.568422 0.424897 0.608569
l_head_3_hair_cloth
0
0.025174 1.620229 0.117928 -0.067602 0.367081 0.599911 0.707664
r_head_3_hair_cloth
0
-0.027463 1.619527 0.116532 -0.31013 -0.247201 0.071502 0.915204
l_head_5_hair_cloth
0
0.041925 1.616686 0.106096 0.027102 0.481523 0.494356 0.723197
r_head_5_hair_cloth
0
-0.043532 1.615937 0.103879 -0.308618 -0.372941 0.159309 0.860402
l_head_9_hair_cloth
0
0.059126 1.612381 0.081780 0.578551 -0.094925 0.690933 -0.422942
r_head_9_hair_cloth
0
-0.059615 1.611435 0.078598 -0.508027 0.355044 0.761857 -0.188222
m_brow_2_hair_cloth
0
-0.000543 1.584535 0.132776 -0.009258 0.03794 0.999127 -0.014829
m_head_1_hair_cloth
0
-0.001569 1.620043 0.123524 -0.183482 -0.233556 -0.671467 0.67891
m_head_2_hair_cloth
0
-0.000847 1.651413 0.087686 -0.402372 -0.396455 -0.594506 0.572262
m_head_3_hair_cloth
0
0.000906 1.662857 0.024803 -0.033125 0.714921 0.698138 -0.019877
l_cheek_10_hair_cloth
0
0.066162 1.540116 0.084970 0.397813 0.464102 0.526562 0.590836
r_cheek_10_hair_cloth
0
-0.064655 1.539902 0.082667 -0.054485 -0.612033 0.053636 0.787128
l_cheek_14_hair_cloth
0
0.062403 1.522890 0.088909 0.621754 0.135634 0.67373 0.375651
r_cheek_14_hair_cloth
0
-0.061555 1.522827 0.086972 0.272569 -0.527029 -0.206351 0.778053
l_cheek_16_hair_cloth
0
0.070190 1.548219 0.063469 0.69143 -0.032431 0.721705 -0.003714
r_cheek_16_hair_cloth
0
-0.068407 1.547684 0.061228 0.477441 -0.459224 -0.534428 0.524929
l_cheek_20_hair_cloth
0
0.066594 1.526794 0.063267 0.676319 -0.115944 0.725976 0.045916
r_cheek_20_hair_cloth
0
-0.065423 1.525328 0.061484 0.525583 -0.406343 -0.511826 0.544685
l_cheek_21_hair_cloth
0
0.061454 1.506620 0.073901 0.540086 0.330408 0.570256 0.523398
r_cheek_21_hair_cloth
0
-0.060700 1.505608 0.072375 -0.334239 -0.524866 0.530868 0.575308
l_cheek_22_hair_cloth
0
0.053619 1.497344 0.091985 0.536457 -0.161178 0.827678 -0.034409
r_cheek_22_hair_cloth
0
-0.052833 1.497285 0.090633 0.494619 -0.250322 -0.600439 0.576337
l_cheek_23_hair_cloth
0
0.045289 1.488001 0.101830 0.461773 -0.147467 0.874486 0.017148
r_cheek_23_hair_cloth
0
-0.044262 1.488101 0.100762 0.425277 -0.222763 -0.606791 0.633499
l_cheek_28_hair_cloth
0
0.060145 1.497509 0.048540 0.062882 0.764138 -0.128995 0.628887
r_cheek_28_hair_cloth
0
-0.059462 1.495624 0.048752 0.494306 0.586674 -0.545553 -0.337411
l_cheek_29_hair_cloth
0
0.056369 1.484600 0.066819 0.682838 -0.209347 0.68599 0.139008
r_cheek_29_hair_cloth
0
-0.055559 1.484175 0.066224 0.620586 -0.327928 -0.387128 0.597887
l_cheek_33_hair_cloth
0
0.047701 1.472042 0.062935 0.662645 -0.262343 0.652399 0.257786
r_cheek_33_hair_cloth
0
-0.047066 1.472022 0.062622 0.643139 -0.263881 -0.277392 0.663169
l_chin_1_hair_cloth
0
0.016918 1.465273 0.120064 0.186651 0.246954 0.577316 0.755567
r_chin_1_hair_cloth
0
-0.015580 1.464590 0.119790 0.233309 -0.281372 -0.511549 0.777634
l_chin_5_hair_cloth
0
0.014438 1.450908 0.109105 0.343532 0.526031 -0.460576 0.627014
l_chin_6_hair_cloth
0
0.020891 1.458118 0.113871 0.104023 0.484375 -0.397918 0.772154
r_chin_6_hair_cloth
0
-0.019109 1.457772 0.113032 -0.277362 -0.450202 0.809722 0.254441
l_ear_0_hair_cloth
0
0.072061 1.540177 0.036549 -0.023646 0.642453 -0.51055 0.570994
r_ear_0_hair_cloth
0
-0.071001 1.539539 0.036938 0.323113 -0.509843 0.184296 0.775689
l_outerlips_32_hair_cloth
0
0.037402 1.487674 0.111870 0.403759 -0.129121 0.905693 -0.005139
r_outerlips_32_hair_cloth
0
-0.036349 1.487803 0.111180 0.355185 -0.203008 -0.649307 0.641118
m_chin_3_hair_cloth
0
0.001715 1.448089 0.093720 0.021462 0.739526 -0.672754 -0.006542
m_mouthbag_0_hair_cloth
0
0.003209 1.512650 0.067011 0.718925 -0.030506 0.048978 0.692689
m_mouthbag_1_hair_cloth
0
0.002210 1.477631 0.062145 -0.054485 0.484923 0.872683 0.017496
m_nose_3_hair_cloth
0
0.001146 1.550518 0.129324 -0.096874 -0.067157 0.020012 0.992827
m_nose_5_hair_cloth
0
0.002074 1.536316 0.137166 -0.342765 0.086796 -0.027185 0.935008
r_outerlips_16_hair_cloth
0
-0.039484 1.512760 0.114525 -0.262865 -0.163865 0.911279 0.271331
r_outerlips_24_hair_cloth
0
-0.034931 1.499560 0.115143 0.32606 -0.142527 -0.748271 0.559877
r_outerlips_40_hair_cloth
0
-0.028691 1.472439 0.110459 -0.397678 -0.078991 0.870184 -0.279988
sim1_hair_cloth
0
-0.061555 1.411074 -0.033823 -0.707107 0 0 0.707107
sim2_hair_cloth
0
-0.061555 1.444834 -0.033823 -0.707107 0 0 0.707107
sim3_hair_cloth
0
-0.061555 1.478252 -0.033823 -0.707107 0 0 0.707107
sim4_hair_cloth
0
-0.061555 1.511787 -0.033823 -0.707107 0 0 0.707107
sim5_hair_cloth
0
-0.077726 1.407640 0.028275 -0.707107 0 0 0.707107
sim6_hair_cloth
0
-0.077726 1.442080 0.026255 -0.707107 0 0 0.707107
sim7_hair_cloth
0
-0.077726 1.476890 0.024213 -0.707107 0 0 0.707107
sim8_hair_cloth
0
-0.077726 1.511575 0.022179 -0.707107 0 0 0.707107
sim9_hair_cloth
0
-0.074351 1.477072 0.050125 -0.707107 0 0 0.707107
sim10_hair_cloth
0
-0.074351 1.496183 0.050125 -0.707107 -0.000002 0.000002 0.707107
sim11_hair_cloth
0
-0.074351 1.520756 0.050125 -0.707107 -0.000002 0.000002 0.707107
sim12_hair_cloth
0
-0.068719 1.406596 -0.003842 -0.707107 0 0 0.707107
sim13_hair_cloth
0
-0.068719 1.434267 -0.003842 -0.707107 -0.000001 0.000001 0.707107
sim14_hair_cloth
0
-0.068719 1.462321 -0.003842 -0.707107 -0.000002 0.000002 0.707107
sim15_hair_cloth
0
-0.068719 1.490571 -0.003842 -0.707107 -0.000002 0.000002 0.707107
sim16_hair_cloth
0
-0.068719 1.518478 -0.003842 -0.707107 -0.000002 0.000002 0.707107
sim17_hair_cloth
0
-0.022610 1.511750 -0.088780 -0.707107 0 0 0.707107
sim18_hair_cloth
0
-0.022610 1.533453 -0.088780 -0.707107 0 0 0.707107
sim19_hair_cloth
0
-0.022610 1.555156 -0.088780 -0.707107 0 0 0.707107
sim20_hair_cloth
0
0.032457 1.409368 -0.052964 -0.707107 0 0 0.707107
sim21_hair_cloth
0
0.032457 1.436660 -0.052964 -0.707107 0 0 0.707107
sim22_hair_cloth
0
0.032457 1.463952 -0.052964 -0.707107 0 0 0.707107
sim23_hair_cloth
0
0.032457 1.491244 -0.052964 -0.707107 0 0 0.707107
sim24_hair_cloth
0
0.032457 1.518536 -0.052964 -0.707107 0 0 0.707107
sim25_hair_cloth
0
0.000000 1.407770 -0.060572 -0.707107 0 0 0.707107
sim26_hair_cloth
0
0.000000 1.442288 -0.060572 -0.707107 0 0 0.707107
sim27_hair_cloth
0
0.000000 1.477192 -0.060572 -0.707107 0 0 0.707107
sim28_hair_cloth
0
0.000000 1.511966 -0.060572 -0.707107 0 0 0.707107
sim29_hair_cloth
0
0.058611 1.411692 -0.033823 -0.707107 0 0 0.707107
sim30_hair_cloth
0
0.058611 1.445323 -0.033823 -0.707107 0 0 0.707107
sim31_hair_cloth
0
0.058611 1.478490 -0.033823 -0.707107 0 0 0.707107
sim32_hair_cloth
0
0.058611 1.511813 -0.033823 -0.707107 0 0 0.707107
sim33_hair_cloth
0
0.079794 1.406457 0.012213 -0.707107 0 0 0.707107
sim34_hair_cloth
0
0.079794 1.441178 0.012213 -0.707107 0 0 0.707107
sim35_hair_cloth
0
0.079794 1.476481 0.012213 -0.707107 0 0 0.707107
sim36_hair_cloth
0
0.079794 1.511588 0.012213 -0.707107 0 0 0.707107
sim37_hair_cloth
0
0.077878 1.409591 0.049711 -0.707107 0 0 0.707107
sim38_hair_cloth
0
0.077878 1.438822 0.049711 -0.707107 0 0 0.707107
sim39_hair_cloth
0
0.077878 1.468053 0.049711 -0.707107 0 0 0.707107
sim40_hair_cloth
0
0.077878 1.497284 0.049711 -0.707107 0 0 0.707107
sim41_hair_cloth
0
0.077878 1.526515 0.049711 -0.707107 0 0 0.707107
sim42_hair_cloth
0
0.002653 1.477365 -0.101002 -0.707107 0 0 0.707107
sim43_hair_cloth
0
0.002653 1.500785 -0.101002 -0.707107 0 0 0.707107
sim44_hair_cloth
0
0.002653 1.524204 -0.101002 -0.707107 0 0 0.707107
sim45_hair_cloth
0
0.002653 1.547624 -0.101002 -0.707107 0 0 0.707107
sim46_hair_cloth
0
-0.014789 1.491569 -0.101002 -0.707107 0 0 0.707107
sim47_hair_cloth
0
-0.013788 1.513247 -0.101002 -0.707107 0 0 0.707107
sim48_hair_cloth
0
-0.012788 1.534925 -0.101002 -0.707107 0 0 0.707107
sim49_hair_cloth
0
-0.011787 1.556603 -0.101002 -0.707107 0 0 0.707107
sim50_hair_cloth
0
0.068909 1.407672 -0.008737 -0.707107 0 0 0.707107
sim51_hair_cloth
0
0.068909 1.435196 -0.008737 -0.707107 0 0 0.707107
sim52_hair_cloth
0
0.068909 1.462954 -0.008737 -0.707107 0 0 0.707107
sim53_hair_cloth
0
0.068909 1.490832 -0.008737 -0.707107 0 0 0.707107
sim54_hair_cloth
0
0.068909 1.518500 -0.008737 -0.707107 0 0 0.707107
sim55_hair_cloth
0
-0.032457 1.409369 -0.052964 -0.707107 0 0 0.707107
sim56_hair_cloth
0
-0.032457 1.436660 -0.052964 -0.707107 0 0 0.707107
sim57_hair_cloth
0
-0.032457 1.463952 -0.052964 -0.707107 0 0 0.707107
sim58_hair_cloth
0
-0.032457 1.491244 -0.052964 -0.707107 0 0 0.707107
sim59_hair_cloth
0
-0.032457 1.518536 -0.052964 -0.707107 0 0 0.707107
sim60_hair_cloth
0
0.097762 1.580484 -0.031774 -0.707107 0 0 0.707107
sim61_hair_cloth
0
0.105672 1.599559 0.000269 -0.707107 0 0 0.707107
sim62_hair_cloth
0
0.102753 1.617928 0.031719 -0.707107 0 0 0.707107
sim63_hair_cloth
0
0.089005 1.635593 0.062576 -0.707107 0 0 0.707107
sim64_hair_cloth
0
0.045858 1.606900 -0.068981 -0.707107 0 0 0.707107
sim65_hair_cloth
0
0.057301 1.641997 -0.037046 -0.707107 0 0 0.707107
sim66_hair_cloth
0
0.059890 1.663354 0.003329 -0.707107 0 0 0.707107
sim67_hair_cloth
0
0.056309 1.672973 0.045489 -0.707107 0 0 0.707107
sim68_hair_cloth
0
-0.069871 1.611813 -0.055536 -0.707107 0 0 0.707107
sim69_hair_cloth
0
-0.076897 1.638127 -0.020511 -0.707107 0 0 0.707107
sim70_hair_cloth
0
-0.072413 1.659512 0.019521 -0.707107 0 0 0.707107
sim71_hair_cloth
0
-0.055985 1.675444 0.058526 -0.707107 0 0 0.707107
sim72_hair_cloth
0
-0.108546 1.575148 -0.001123 -0.707107 0 0 0.707107
sim73_hair_cloth
0
-0.103551 1.594595 0.054491 -0.707107 0 0 0.707107
sim74_hair_cloth
0
-0.078158 1.620203 0.099622 -0.707107 0 0 0.707107
sim75_hair_cloth
0
-0.035235 1.647040 0.122817 -0.707107 0 0 0.707107
sim76_hair_cloth
0
-0.008256 1.642464 -0.056353 -0.707107 0 0 0.707107
sim77_hair_cloth
0
-0.008510 1.665162 -0.023762 -0.707107 0 0 0.707107
sim78_hair_cloth
0
-0.005252 1.681981 0.014639 -0.707107 0 0 0.707107
sim79_hair_cloth
0
0.000689 1.687305 0.054467 -0.707107 0 0 0.707107
l_neck_0_hair_cloth
0
0.024484 1.452186 0.067362 0.026856 0.169642 0.939159 -0.297458
l_neck_1_hair_cloth
0
0.030381 1.399059 0.044166 -0.614761 0.550365 -0.244747 0.509183
r_neck_1_hair_cloth
0
-0.019147 1.401047 0.047288 0.145446 0.7281 -0.668602 -0.041083
l_neck_3_hair_cloth
0
0.039576 1.421707 0.041044 -0.091784 -0.490629 0.68232 0.534133
r_neck_3_hair_cloth
0
-0.042289 1.426315 0.038756 0.731409 -0.460505 0.047733 0.500697
l_neck_4_hair_cloth
0
0.053122 1.482182 0.034889 -0.050743 0.01217 0.611934 0.789186
r_neck_4_hair_cloth
0
-0.052747 1.482067 0.036009 -0.007101 0.028924 0.790992 0.611101
l_neck_5_hair_cloth
0
0.048008 1.450699 0.033152 -0.604243 0.727177 -0.324091 -0.032702
r_neck_5_hair_cloth
0
-0.047622 1.451889 0.033401 0.731005 -0.606767 0.029378 0.310811
l_neck_6_hair_cloth
0
0.051026 1.425179 0.017700 0.255272 0.199167 -0.630935 0.705046
r_neck_6_hair_cloth
0
-0.051509 1.425323 0.016659 0.189168 0.241546 -0.719667 0.622856
l_neck_7_hair_cloth
0
0.043314 1.486801 0.000280 -0.694707 -0.334206 -0.296195 0.563876
r_neck_7_hair_cloth
0
-0.041340 1.487072 -0.001837 0.364426 0.695211 0.552074 -0.281229
l_neck_8_hair_cloth
0
0.043632 1.447319 -0.007878 0.750147 -0.582685 -0.312593 0.006588
r_neck_8_hair_cloth
0
-0.036543 1.444008 -0.020232 -0.16615 -0.418817 0.517295 0.727594
m_neck_1_hair_cloth
0
0.003733 1.420899 0.057354 0.800751 0.098848 -0.041775 0.589306
m_neck_2_hair_cloth
0
0.005768 1.394268 0.047838 -0.54155 0.418757 0.558619 -0.468306
m_neck_3_hair_cloth
0
-0.003233 1.468994 -0.026315 -0.476509 0.557216 -0.467449 0.493903
m_neck_4_hair_cloth
0
-0.005294 1.426178 -0.040065 -0.362976 0.639845 -0.347843 0.58125
m_neck_6_hair_cloth
0
0.002227 1.509247 -0.032628 0.986462 0.006322 0.057294 0.153524
r_neck_2_hair_cloth
0
-0.027036 1.432751 0.047614 -0.64209 -0.493301 0.187179 0.556182
r_neck_9_hair_cloth
0
-0.036022 1.455986 0.051017 -0.217023 0.01804 -0.425097 0.878561
spined_hair_cloth
0
0.000000 1.258627 0.001995 -0.707107 0 0 0.707107
