262
root_jacket_cloth
-1
0.000000 0.945494 0.009869 -0.707107 0 0 0.707107
m_twist_04_jacket_cloth
0
0.000000 1.258627 0.001995 -0.707107 0 0 0.707107
l_scapula_helper_jacket_cloth
0
0.120378 1.365925 -0.051871 0.408819 0.801153 -0.367416 0.236697
r_scapula_helper_jacket_cloth
0
-0.120378 1.365926 -0.051871 0.408819 0.801153 -0.367416 0.236697
l_trap_fix_helper_jacket_cloth
0
0.058935 1.423494 0.001995 0 0.707107 0 0.707107
r_trap_fix_helper_jacket_cloth
0
-0.058935 1.423494 0.001995 0.707107 0 0.707107 0
m_roll_01_jacket_cloth
0
0.000000 1.510932 0.032869 -0.707107 0 0 0.707107
m_twist_06_jacket_cloth
0
0.000000 1.453382 0.019010 -0.618823 0 0 0.78553
m_twist_07_jacket_cloth
0
0.000000 1.510932 0.032869 -0.707107 0 0 0.707107
m_twist_05_jacket_cloth
0
0.000000 1.401697 0.004499 -0.604029 0 0 0.796963
neck_jacket_cloth
0
0.000000 1.401697 0.004499 -0.707107 0 0 0.707107
headb_jacket_cloth
0
0.000000 1.510932 0.032869 -0.707107 0 0 0.707107
l_roll_04_jacket_cloth
0
0.088231 0.894590 0.026915 0.015003 -0.704331 0.709558 -0.014881
r_roll_04_jacket_cloth
0
-0.088231 0.894590 0.026915 0.014881 0.709558 0.704331 0.015003
l_twist_09_jacket_cloth
0
0.089471 0.885824 0.027148 0.015003 -0.704331 0.709558 -0.014881
r_twist_09_jacket_cloth
0
-0.089471 0.885824 0.027148 0.014881 0.709558 0.704331 0.015003
l_twist_10_jacket_cloth
0
0.093485 0.790929 0.027850 0.015003 -0.704331 0.709558 -0.014881
r_twist_10_jacket_cloth
0
-0.093485 0.790929 0.027850 0.014881 0.709558 0.704331 0.015003
l_twist_11_jacket_cloth
0
0.097847 0.687781 0.028612 0.015003 -0.704331 0.709558 -0.014881
r_twist_11_jacket_cloth
0
-0.097847 0.687781 0.028612 0.014881 0.709558 0.704331 0.015003
r_pant_holster_lift_helper_jacket_cloth
0
-0.072649 0.944626 -0.069317 -0.707107 0 0 0.707107
r_shirt_holster_lift_helper_jacket_cloth
0
-0.072649 0.944626 -0.069317 -0.707107 0 0 0.707107
m_twist_03_jacket_cloth
0
0.000000 1.142435 0.006238 -0.719894 0 0 0.694084
m_twist_02_jacket_cloth
0
0.000000 1.042753 0.012221 -0.727979 0 0 0.685599
m_twist_01_jacket_cloth
0
0.000000 0.945494 0.009869 -0.698507 0 0 0.715603
m_roll_02_jacket_cloth
0
0.000000 1.258627 0.001995 -0.707107 0 0 0.707107
l_chest_helper_jacket_cloth
0
0.100383 1.286511 0.105192 0.180684 0.757782 0.071154 0.622942
r_chest_helper_jacket_cloth
0
-0.100383 1.286511 0.105192 0.622942 -0.071154 0.757782 -0.180684
l_lat_helper_jacket_cloth
0
0.145702 1.205112 0.000240 -0.011136 0.968813 -0.025346 -0.246242
r_lat_helper_jacket_cloth
0
-0.145702 1.205112 0.000240 -0.011136 0.968813 -0.025346 -0.246241
l_elbow_inner_helper_jacket_cloth
0
0.298216 1.119354 0.021503 0.278527 0.517719 -0.374404 0.717086
r_elbow_inner_helper_jacket_cloth
0
-0.298216 1.119354 0.021503 0.717086 0.374404 0.517719 -0.278527
l_twist_05_jacket_cloth
0
0.338407 1.061980 0.014164 0.231686 0.454765 -0.398813 0.761879
r_twist_05_jacket_cloth
0
-0.338407 1.061979 0.014164 0.761879 0.398813 0.454765 -0.231686
l_elbow_outer_upper_helper_jacket_cloth
0
0.288176 1.133794 -0.047934 0.30885 0.622073 -0.354906 0.625843
r_elbow_outer_upper_helper_jacket_cloth
0
-0.288176 1.133794 -0.047934 0.625843 0.354906 0.622073 -0.30885
l_twist_01_offset_jacket_cloth
0
0.151930 1.327320 -0.003166 0.330853 0.643757 -0.321351 0.610612
r_twist_01_offset_jacket_cloth
0
-0.151934 1.327315 -0.003167 0.610612 0.321351 0.643757 -0.330853
l_deltoid_helper_jacket_cloth
0
0.205774 1.352742 -0.020138 0.155419 0.980271 0.060548 0.106055
r_deltoid_helper_jacket_cloth
0
-0.205778 1.352730 -0.020138 0.106056 -0.060547 0.980271 -0.155419
l_shoulder_front_helper_jacket_cloth
0
0.161782 1.316280 0.074111 -0.425781 0.895872 0.029832 -0.123423
r_shoulder_front_helper_jacket_cloth
0
-0.161786 1.316268 0.074111 -0.123422 -0.029832 0.895873 0.425781
l_shoulder_rear_helper_jacket_cloth
0
0.160043 1.303817 -0.089108 0.130862 0.991103 -0.00063 -0.024301
r_shoulder_rear_helper_jacket_cloth
0
-0.160047 1.303805 -0.089109 -0.0243 0.00063 0.991103 -0.130861
l_twist_02_offset_jacket_cloth
0
0.188132 1.275700 -0.006182 0.330853 0.643757 -0.321351 0.610612
r_twist_02_offset_jacket_cloth
0
-0.188180 1.275631 -0.006186 0.610612 0.321351 0.643757 -0.330853
l_twist_03_offset_jacket_cloth
0
0.234645 1.209378 -0.010056 0.330853 0.643757 -0.321351 0.610612
r_twist_03_offset_jacket_cloth
0
-0.234645 1.209378 -0.010056 0.610612 0.321351 0.643757 -0.330853
l_tricep_helper_jacket_cloth
0
0.219806 1.246506 -0.045328 0.310112 0.621445 -0.353634 0.626562
l_twist_04_offset_jacket_cloth
0
0.277576 1.148163 -0.013632 0.330853 0.643757 -0.321351 0.610612
r_twist_04_offset_jacket_cloth
0
-0.277576 1.148163 -0.013632 0.610612 0.321351 0.643757 -0.330853
l_bicep_helper_jacket_cloth
0
0.261212 1.172173 0.027801 0.309423 0.621788 -0.354329 0.626169
r_bicep_helper_jacket_cloth
0
-0.261212 1.172173 0.027801 0.626169 0.354329 0.621788 -0.309423
l_trap_helper_jacket_cloth
0
0.121970 1.422965 -0.017629 0.03037 0.44222 -0.079356 0.892873
r_trap_helper_jacket_cloth
0
-0.121971 1.422965 -0.017629 0.03037 0.44222 -0.079355 0.892873
l_twist_00_jacket_cloth
0
0.083605 1.334337 0.007560 0.012415 0.76095 -0.014567 0.648529
r_twist_00_jacket_cloth
0
-0.083605 1.334337 0.007560 0.648529 0.014567 0.760949 -0.012415
pelvis_jacket_cloth
0
0.000000 0.945494 0.009869 -0.707107 0 0 0.707107
spineb_jacket_cloth
0
0.000000 1.042753 0.012221 -0.707107 0 0 0.707107
spinec_jacket_cloth
0
0.000000 1.142435 0.006238 -0.707107 0 0 0.707107
spined_jacket_cloth
0
0.000000 1.258627 0.001995 -0.707107 0 0 0.707107
l_clavicle_jacket_cloth
0
0.018427 1.336865 0.018023 0 0.707107 0 0.707107
r_clavicle_jacket_cloth
0
-0.018427 1.336865 0.018023 0.707107 0 0.707107 0
l_shoulder_jacket_cloth
0
0.148782 1.331809 -0.002904 0.330853 0.643757 -0.321351 0.610612
r_shoulder_jacket_cloth
0
-0.148782 1.331809 -0.002904 0.610612 0.321351 0.643757 -0.330853
wrinklemaps_jacket_cloth
0
0.000000 0.945494 0.009869 0 0 0 1
sim1_jacket_cloth
0
-0.185816 0.782703 0.073681 -0.707107 0 0 0.707107
sim2_jacket_cloth
0
-0.147535 0.768185 0.112541 -0.707107 0 0 0.707107
sim3_jacket_cloth
0
-0.089836 0.758563 0.132704 -0.707107 0 0 0.707107
sim4_jacket_cloth
0
-0.041987 0.756917 0.146990 -0.707107 0 0 0.707107
sim5_jacket_cloth
0
0.041260 0.747440 0.158596 -0.707107 0 0 0.707107
sim6_jacket_cloth
0
0.087617 0.743262 0.121923 -0.707107 0 0 0.707107
sim7_jacket_cloth
0
0.144868 0.748970 0.102637 -0.707107 0 0 0.707107
sim8_jacket_cloth
0
0.177923 0.761374 0.061449 -0.707107 0 0 0.707107
sim9_jacket_cloth
0
0.185628 0.774603 0.016868 -0.707107 0 0 0.707107
sim10_jacket_cloth
0
0.174522 0.820113 -0.037284 -0.707107 0 0 0.707107
sim11_jacket_cloth
0
0.149458 0.830447 -0.074570 -0.707107 0 0 0.707107
sim12_jacket_cloth
0
0.109065 0.830434 -0.098203 -0.707107 0 0 0.707107
sim13_jacket_cloth
0
-0.183727 0.831511 -0.015282 -0.707107 0 0 0.707107
sim14_jacket_cloth
0
-0.195275 0.825557 0.033078 -0.707107 0 0 0.707107
sim15_jacket_cloth
0
-0.182577 0.830371 0.077466 -0.707107 0 0 0.707107
sim16_jacket_cloth
0
-0.141731 0.819984 0.113420 -0.707107 0 0 0.707107
sim17_jacket_cloth
0
-0.087390 0.811156 0.137349 -0.707107 0 0 0.707107
sim18_jacket_cloth
0
-0.041616 0.806228 0.154346 -0.707107 0 0 0.707107
sim19_jacket_cloth
0
0.039103 0.797668 0.159222 -0.707107 0 0 0.707107
sim20_jacket_cloth
0
0.089211 0.797971 0.129654 -0.707107 0 0 0.707107
sim21_jacket_cloth
0
0.141461 0.803743 0.101471 -0.707107 0 0 0.707107
sim22_jacket_cloth
0
0.173622 0.811980 0.060050 -0.707107 0 0 0.707107
sim23_jacket_cloth
0
0.182449 0.817212 0.010851 -0.707107 0 0 0.707107
sim24_jacket_cloth
0
0.171521 0.873503 -0.035482 -0.707107 0 0 0.707107
sim25_jacket_cloth
0
0.145863 0.874792 -0.073466 -0.707107 0 0 0.707107
sim26_jacket_cloth
0
0.105240 0.867877 -0.095171 -0.707107 0 0 0.707107
sim27_jacket_cloth
0
0.054890 0.857989 -0.105117 -0.707107 0 0 0.707107
sim28_jacket_cloth
0
-0.149440 0.880809 -0.057742 -0.707107 0 0 0.707107
sim29_jacket_cloth
0
-0.181467 0.888186 -0.012195 -0.707107 0 0 0.707107
sim30_jacket_cloth
0
-0.192922 0.891510 0.036298 -0.707107 0 0 0.707107
sim31_jacket_cloth
0
-0.179872 0.888328 0.078887 -0.707107 0 0 0.707107
sim32_jacket_cloth
0
-0.137727 0.880274 0.114252 -0.707107 0 0 0.707107
sim33_jacket_cloth
0
-0.083956 0.872803 0.139219 -0.707107 0 0 0.707107
sim34_jacket_cloth
0
-0.038613 0.867859 0.156029 -0.707107 0 0 0.707107
sim35_jacket_cloth
0
0.043879 0.859659 0.158313 -0.707107 0 0 0.707107
sim36_jacket_cloth
0
0.090550 0.861828 0.131134 -0.707107 0 0 0.707107
sim37_jacket_cloth
0
0.138621 0.866212 0.099913 -0.707107 0 0 0.707107
sim38_jacket_cloth
0
0.169885 0.870039 0.058742 -0.707107 0 0 0.707107
sim39_jacket_cloth
0
0.179165 0.871676 0.010972 -0.707107 0 0 0.707107
sim40_jacket_cloth
0
0.166986 0.928282 -0.037397 -0.707107 0 0 0.707107
sim41_jacket_cloth
0
0.141712 0.920723 -0.076923 -0.707107 0 0 0.707107
sim42_jacket_cloth
0
0.102145 0.910378 -0.097521 -0.707107 0 0 0.707107
sim43_jacket_cloth
0
0.052849 0.899867 -0.104200 -0.707107 0 0 0.707107
sim44_jacket_cloth
0
-0.002309 0.894300 -0.101002 -0.707107 0 0 0.707107
sim45_jacket_cloth
0
-0.146037 0.932652 -0.058206 -0.707107 0 0 0.707107
sim46_jacket_cloth
0
-0.177406 0.939034 -0.013634 -0.707107 0 0 0.707107
sim47_jacket_cloth
0
-0.189175 0.942002 0.034500 -0.707107 0 0 0.707107
sim48_jacket_cloth
0
-0.175891 0.939865 0.077417 -0.707107 0 0 0.707107
sim49_jacket_cloth
0
-0.132703 0.933685 0.113668 -0.707107 0 0 0.707107
sim50_jacket_cloth
0
-0.078390 0.927529 0.139772 -0.707107 0 0 0.707107
sim51_jacket_cloth
0
-0.032610 0.922981 0.155759 -0.707107 0 0 0.707107
sim52_jacket_cloth
0
0.046265 0.922534 0.159340 -0.707107 0 0 0.707107
sim53_jacket_cloth
0
0.091917 0.924019 0.131030 -0.707107 0 0 0.707107
sim54_jacket_cloth
0
0.137001 0.926560 0.098625 -0.707107 0 0 0.707107
sim55_jacket_cloth
0
0.166554 0.928460 0.057608 -0.707107 0 0 0.707107
sim56_jacket_cloth
0
0.174600 0.929011 0.010432 -0.707107 0 0 0.707107
sim57_jacket_cloth
0
-0.170580 0.994956 0.073459 -0.707107 0 0 0.707107
sim58_jacket_cloth
0
-0.129608 0.991247 0.110115 -0.707107 0 0 0.707107
sim59_jacket_cloth
0
-0.073430 0.986114 0.139959 -0.707107 0 0 0.707107
sim60_jacket_cloth
0
-0.027334 0.981345 0.155473 -0.707107 0 0 0.707107
sim61_jacket_cloth
0
0.050807 0.981232 0.161213 -0.707107 0 0 0.707107
sim62_jacket_cloth
0
0.093730 0.984239 0.131649 -0.707107 0 0 0.707107
sim63_jacket_cloth
0
0.135815 0.986684 0.097700 -0.707107 0 0 0.707107
sim64_jacket_cloth
0
-0.126979 1.057453 0.109706 -0.707107 0 0 0.707107
sim65_jacket_cloth
0
-0.072551 1.055155 0.141456 -0.707107 0 0 0.707107
sim66_jacket_cloth
0
-0.028638 1.050809 0.157937 -0.707107 0 0 0.707107
sim67_jacket_cloth
0
0.056427 1.050412 0.159552 -0.707107 0 0 0.707107
sim68_jacket_cloth
0
0.097843 1.054040 0.129684 -0.707107 0 0 0.707107
sim69_jacket_cloth
0
-0.072155 1.119341 0.138617 -0.707107 0 0 0.707107
sim70_jacket_cloth
0
-0.027225 1.117409 0.154637 -0.707107 0 0 0.707107
sim71_jacket_cloth
0
0.058913 1.116708 0.151347 -0.707107 0 0 0.707107
sim72_jacket_cloth
0
0.100047 1.117517 0.125089 -0.707107 0 0 0.707107
sim73_jacket_cloth
0
-0.071011 1.186310 0.130903 -0.707107 0 0 0.707107
sim74_jacket_cloth
0
-0.024639 1.186547 0.147983 -0.707107 0 0 0.707107
sim75_jacket_cloth
0
0.059859 1.185753 0.138647 -0.707107 0 0 0.707107
sim76_jacket_cloth
0
0.098816 1.186621 0.118598 -0.707107 0 0 0.707107
sim77_jacket_cloth
0
-0.227489 1.117705 -0.058592 -0.707107 0 0 0.707107
sim78_jacket_cloth
0
-0.242955 1.138633 -0.072973 -0.707107 0 0 0.707107
sim79_jacket_cloth
0
-0.265366 1.164309 -0.062610 -0.707107 0 0 0.707107
sim80_jacket_cloth
0
-0.287474 1.185248 -0.043925 -0.707107 0 0 0.707107
sim81_jacket_cloth
0
-0.305123 1.207145 0.007078 -0.707107 0 0 0.707107
sim82_jacket_cloth
0
-0.284611 1.195791 0.031279 -0.707107 0 0 0.707107
sim83_jacket_cloth
0
-0.263136 1.179734 0.044741 -0.707107 0 0 0.707107
sim84_jacket_cloth
0
-0.243397 1.160488 0.050009 -0.707107 0 0 0.707107
sim85_jacket_cloth
0
-0.224411 1.135133 0.030627 -0.707107 0 0 0.707107
sim86_jacket_cloth
0
-0.213897 1.116414 0.002346 -0.707107 0 0 0.707107
sim87_jacket_cloth
0
-0.211788 1.141230 -0.057004 -0.707107 0 0 0.707107
sim88_jacket_cloth
0
-0.228714 1.160158 -0.072661 -0.707107 0 0 0.707107
sim89_jacket_cloth
0
-0.250097 1.187947 -0.064316 -0.707107 0 0 0.707107
sim90_jacket_cloth
0
-0.268070 1.212860 -0.042849 -0.707107 0 0 0.707107
sim91_jacket_cloth
0
-0.283505 1.231713 0.006158 -0.707107 0 0 0.707107
sim92_jacket_cloth
0
-0.266386 1.218933 0.029907 -0.707107 0 0 0.707107
sim93_jacket_cloth
0
-0.247524 1.197072 0.043201 -0.707107 0 0 0.707107
sim94_jacket_cloth
0
-0.228179 1.174694 0.045799 -0.707107 0 0 0.707107
sim95_jacket_cloth
0
-0.211948 1.152304 0.028151 -0.707107 0 0 0.707107
sim96_jacket_cloth
0
-0.201184 1.136578 0.001735 -0.707107 0 0 0.707107
sim97_jacket_cloth
0
-0.195786 1.163780 -0.056015 -0.707107 0 0 0.707107
sim98_jacket_cloth
0
-0.214430 1.182962 -0.073424 -0.707107 0 0 0.707107
sim99_jacket_cloth
0
-0.232827 1.217067 -0.065341 -0.707107 0 0 0.707107
sim100_jacket_cloth
0
-0.247578 1.244763 -0.040912 -0.707107 0 0 0.707107
sim101_jacket_cloth
0
-0.259413 1.260497 0.005827 -0.707107 0 0 0.707107
sim102_jacket_cloth
0
-0.246893 1.247900 0.028267 -0.707107 0 0 0.707107
sim103_jacket_cloth
0
-0.229309 1.221285 0.042893 -0.707107 0 0 0.707107
sim104_jacket_cloth
0
-0.213088 1.193590 0.043204 -0.707107 0 0 0.707107
sim105_jacket_cloth
0
-0.199581 1.170893 0.026538 -0.707107 0 0 0.707107
sim106_jacket_cloth
0
-0.188925 1.156625 0.001901 -0.707107 0 0 0.707107
sim107_jacket_cloth
0
-0.180202 1.187346 -0.053491 -0.707107 0 0 0.707107
sim108_jacket_cloth
0
-0.198028 1.210098 -0.072657 -0.707107 0 0 0.707107
sim109_jacket_cloth
0
-0.213007 1.252082 -0.064325 -0.707107 0 0 0.707107
sim110_jacket_cloth
0
-0.226876 1.287000 -0.046295 -0.707107 0 0 0.707107
sim111_jacket_cloth
0
-0.234031 1.301370 0.005263 -0.707107 0 0 0.707107
sim112_jacket_cloth
0
-0.224879 1.288158 0.028646 -0.707107 0 0 0.707107
sim113_jacket_cloth
0
-0.211166 1.255608 0.043154 -0.707107 0 0 0.707107
sim114_jacket_cloth
0
-0.198098 1.216568 0.043053 -0.707107 0 0 0.707107
sim115_jacket_cloth
0
-0.186261 1.192833 0.026242 -0.707107 0 0 0.707107
sim116_jacket_cloth
0
-0.177040 1.177644 0.003005 -0.707107 0 0 0.707107
sim117_jacket_cloth
0
-0.307124 1.203118 -0.025575 -0.707107 0 0 0.707107
sim118_jacket_cloth
0
-0.284790 1.229732 -0.022865 -0.707107 0 0 0.707107
sim119_jacket_cloth
0
-0.260381 1.259699 -0.022041 -0.707107 0 0 0.707107
sim120_jacket_cloth
0
-0.234434 1.300833 -0.023877 -0.707107 0 0 0.707107
sim121_jacket_cloth
0
-0.215557 1.109814 -0.030075 -0.707107 0 0 0.707107
sim122_jacket_cloth
0
-0.201088 1.132503 -0.029007 -0.707107 0 0 0.707107
sim123_jacket_cloth
0
-0.186968 1.153881 -0.027513 -0.707107 0 0 0.707107
sim124_jacket_cloth
0
-0.174343 1.175529 -0.024742 -0.707107 0 0 0.707107
sim125_jacket_cloth
0
-0.240219 1.100429 -0.061899 -0.707107 0 0 0.707107
sim126_jacket_cloth
0
-0.258766 1.123674 -0.075503 -0.707107 0 0 0.707107
sim127_jacket_cloth
0
-0.281142 1.148311 -0.062057 -0.707107 0 0 0.707107
sim128_jacket_cloth
0
-0.303171 1.168561 -0.044510 -0.707107 0 0 0.707107
sim129_jacket_cloth
0
-0.323366 1.187072 -0.024872 -0.707107 0 0 0.707107
sim130_jacket_cloth
0
-0.320473 1.190494 0.010574 -0.707107 0 0 0.707107
sim131_jacket_cloth
0
-0.299077 1.178364 0.034914 -0.707107 0 0 0.707107
sim132_jacket_cloth
0
-0.278108 1.163435 0.048778 -0.707107 0 0 0.707107
sim133_jacket_cloth
0
-0.258391 1.145067 0.055246 -0.707107 0 0 0.707107
sim134_jacket_cloth
0
-0.238045 1.119162 0.036729 -0.707107 0 0 0.707107
sim135_jacket_cloth
0
-0.225414 1.098764 0.008130 -0.707107 0 0 0.707107
sim136_jacket_cloth
0
-0.225780 1.090599 -0.028019 -0.707107 0 0 0.707107
sim137_jacket_cloth
0
0.230611 1.115518 -0.062831 -0.707107 0 0 0.707107
sim138_jacket_cloth
0
0.256580 1.138368 -0.085691 -0.707107 0 0 0.707107
sim139_jacket_cloth
0
0.273330 1.161682 -0.063091 -0.707107 0 0 0.707107
sim140_jacket_cloth
0
0.295197 1.178633 -0.048807 -0.707107 0 0 0.707107
sim141_jacket_cloth
0
0.317203 1.192225 0.002159 -0.707107 0 0 0.707107
sim142_jacket_cloth
0
0.302998 1.177826 0.030139 -0.707107 0 0 0.707107
sim143_jacket_cloth
0
0.280001 1.159470 0.043889 -0.707107 0 0 0.707107
sim144_jacket_cloth
0
0.256081 1.137920 0.048420 -0.707107 0 0 0.707107
sim145_jacket_cloth
0
0.236671 1.117469 0.031429 -0.707107 0 0 0.707107
sim146_jacket_cloth
0
0.218039 1.100960 -0.030427 -0.707107 0 0 0.707107
sim147_jacket_cloth
0
0.217908 1.136255 -0.060251 -0.707107 0 0 0.707107
sim148_jacket_cloth
0
0.238760 1.158241 -0.079671 -0.707107 0 0 0.707107
sim149_jacket_cloth
0
0.255030 1.180937 -0.065292 -0.707107 0 0 0.707107
sim150_jacket_cloth
0
0.272996 1.203705 -0.045759 -0.707107 0 0 0.707107
sim151_jacket_cloth
0
0.286628 1.218467 0.001856 -0.707107 0 0 0.707107
sim152_jacket_cloth
0
0.276158 1.203494 0.028622 -0.707107 0 0 0.707107
sim153_jacket_cloth
0
0.259060 1.183240 0.042849 -0.707107 0 0 0.707107
sim154_jacket_cloth
0
0.240286 1.158956 0.043771 -0.707107 0 0 0.707107
sim155_jacket_cloth
0
0.224272 1.139981 0.026901 -0.707107 0 0 0.707107
sim156_jacket_cloth
0
0.209134 1.125442 -0.029568 -0.707107 0 0 0.707107
sim157_jacket_cloth
0
0.207120 1.154914 -0.058588 -0.707107 0 0 0.707107
sim158_jacket_cloth
0
0.223208 1.175819 -0.076780 -0.707107 0 0 0.707107
sim159_jacket_cloth
0
0.240847 1.204164 -0.066744 -0.707107 0 0 0.707107
sim160_jacket_cloth
0
0.254634 1.227618 -0.046633 -0.707107 0 0 0.707107
sim161_jacket_cloth
0
0.265716 1.243886 0.002934 -0.707107 0 0 0.707107
sim162_jacket_cloth
0
0.255782 1.227753 0.029707 -0.707107 0 0 0.707107
sim163_jacket_cloth
0
0.242433 1.204140 0.042964 -0.707107 0 0 0.707107
sim164_jacket_cloth
0
0.223063 1.179190 0.044165 -0.707107 0 0 0.707107
sim165_jacket_cloth
0
0.210418 1.158367 0.028852 -0.707107 0 0 0.707107
sim166_jacket_cloth
0
0.199326 1.143679 -0.028625 -0.707107 0 0 0.707107
sim167_jacket_cloth
0
0.193266 1.177954 -0.055010 -0.707107 0 0 0.707107
sim168_jacket_cloth
0
0.206889 1.200469 -0.073221 -0.707107 0 0 0.707107
sim169_jacket_cloth
0
0.220634 1.236706 -0.065827 -0.707107 0 0 0.707107
sim170_jacket_cloth
0
0.232760 1.263658 -0.048811 -0.707107 0 0 0.707107
sim171_jacket_cloth
0
0.243524 1.282110 0.003362 -0.707107 0 0 0.707107
sim172_jacket_cloth
0
0.233525 1.265237 0.027806 -0.707107 0 0 0.707107
sim173_jacket_cloth
0
0.219906 1.238248 0.042050 -0.707107 0 0 0.707107
sim174_jacket_cloth
0
0.206839 1.200125 0.045668 -0.707107 0 0 0.707107
sim175_jacket_cloth
0
0.194785 1.177060 0.034150 -0.707107 0 0 0.707107
sim176_jacket_cloth
0
0.186917 1.164571 -0.025908 -0.707107 0 0 0.707107
sim177_jacket_cloth
0
0.243213 1.281846 -0.024809 -0.707107 0 0 0.707107
sim178_jacket_cloth
0
0.267233 1.245519 -0.025846 -0.707107 0 0 0.707107
sim179_jacket_cloth
0
0.289107 1.222085 -0.027293 -0.707107 0 0 0.707107
sim180_jacket_cloth
0
0.317478 1.195472 -0.029448 -0.707107 0 0 0.707107
sim181_jacket_cloth
0
0.187546 1.165432 0.005050 -0.707107 0 0 0.707107
sim182_jacket_cloth
0
0.200896 1.144062 0.001266 -0.707107 0 0 0.707107
sim183_jacket_cloth
0
0.210907 1.126510 0.000419 -0.707107 0 0 0.707107
sim184_jacket_cloth
0
0.219775 1.101506 0.001752 -0.707107 0 0 0.707107
sim185_jacket_cloth
0
0.240455 1.095140 -0.069274 -0.707107 0 0 0.707107
sim186_jacket_cloth
0
0.272456 1.122461 -0.089828 -0.707107 0 0 0.707107
sim187_jacket_cloth
0
0.291645 1.147154 -0.066386 -0.707107 0 0 0.707107
sim188_jacket_cloth
0
0.311594 1.162248 -0.054171 -0.707107 0 0 0.707107
sim189_jacket_cloth
0
0.335813 1.181276 -0.033024 -0.707107 0 0 0.707107
sim190_jacket_cloth
0
0.336911 1.179369 0.003176 -0.707107 0 0 0.707107
sim191_jacket_cloth
0
0.320729 1.162969 0.034050 -0.707107 0 0 0.707107
sim192_jacket_cloth
0
0.296039 1.143070 0.048956 -0.707107 0 0 0.707107
sim193_jacket_cloth
0
0.269799 1.120583 0.055226 -0.707107 0 0 0.707107
sim194_jacket_cloth
0
0.246068 1.097762 0.039048 -0.707107 0 0 0.707107
sim195_jacket_cloth
0
0.225458 1.079449 0.005375 -0.707107 0 0 0.707107
sim196_jacket_cloth
0
0.224200 1.078871 -0.033561 -0.707107 0 0 0.707107
